2.862834639311736054e-02 3.149409639475393013e-02 3.691159179602116619e-02 3.348205494833406820e-02 3.819831273194091575e-02 3.173395728371290053e-02 2.653349689628676719e-02 3.766595714913837517e-02 5.166422432757759170e-02 3.311741084760414650e-02 4.536284410822145202e-02 4.767872624487210637e-02 5.924578288702048168e-02 7.148479684761113728e-02 6.963577169624869667e-02 7.249979264753898811e-02 7.222931303619396781e-02 4.401909357319862964e-02 1.531589284275185377e-02 2.598456207756070016e-02 1.718227147498618823e-02 1.821419049509916122e-02 3.682067386833523526e-02 5.489683943187417814e-02
2.862834639311736054e-02 3.149409639475393013e-02 3.691159179602116619e-02 3.348205494833406820e-02 3.819831273194091575e-02 3.173395728371290053e-02 2.653349689628676719e-02 3.766595714913837517e-02 5.166422432757759170e-02 3.311741084760414650e-02 4.536284410822145202e-02 4.767872624487210637e-02 5.924578288702048168e-02 7.148479684761113728e-02 6.963577169624869667e-02 7.249979264753898811e-02 7.222931303619396781e-02 4.401909357319862964e-02 1.531589284275185377e-02 2.598456207756070016e-02 1.718227147498618823e-02 1.821419049509916122e-02 3.682067386833523526e-02 5.489683943187417814e-02
3.146944177082539040e-02 1.301474846391548895e-02 1.066285090170942390e-02 1.246528621607679958e-02 1.835872691430971704e-02 3.124976074539304038e-02 2.501978928979259678e-02 5.033671954099763063e-02 7.832308726955250489e-02 6.416531679151099565e-02 6.466861762958016346e-02 5.291670615663971594e-02 4.083443326339680074e-02 5.146424231216573109e-02 6.861238158356042227e-02 7.233503274721733711e-02 7.681636427728007199e-02 6.692763996774070412e-02 4.807072712852231144e-03 3.665998602962720204e-02 2.277341848040014341e-02 2.067925108063935202e-02 3.772172129298659304e-02 4.771740456182993473e-02
3.723337879391778321e-02 1.116812938490906008e-02 1.700810749245633760e-02 2.344896591556365484e-02 2.870954113272230004e-02 3.280335595500980667e-02 1.855362372899621234e-02 3.467400048147955410e-02 6.117910325491319329e-02 6.467830881959020506e-02 7.813229676238390986e-02 6.724882881365459864e-02 5.343082220132733262e-02 6.190488360071494389e-02 6.465847618676713593e-02 6.787696378538056463e-02 6.959009481929788465e-02 5.776979439366553698e-02 1.590533125679191931e-02 2.854297647911042610e-02 2.770385396250434409e-02 2.428093013734517955e-02 3.147850381251165314e-02 2.201972882898645470e-02
4.103023447518693717e-02 2.651819322480550647e-02 3.423545696583055881e-02 4.068508303148977989e-02 4.367701004709157592e-02 4.429117695410863392e-02 2.151918611861882921e-02 3.544019231407959797e-02 5.932589500764065549e-02 6.432493319316152924e-02 7.391610751410480906e-02 6.158071994551923140e-02 4.322728306195298270e-02 5.028449159255013456e-02 5.609427804636113457e-02 5.838062994398175026e-02 6.002922637166422520e-02 5.603655918074299663e-02 1.630087892077010034e-02 2.062412292681912659e-02 2.066171695081664428e-02 2.068092281115765929e-02 2.998037456452548946e-02 2.115532683702009767e-02
4.799558497484785607e-02 3.508526231974957305e-02 3.304256599153469059e-02 3.064545886501485530e-02 2.964709280830811131e-02 2.702871091360291647e-02 1.438580204883516296e-02 3.128460430980386370e-02 5.611501493580941385e-02 5.770714617699870125e-02 7.781732942719205015e-02 5.437353857252139044e-02 4.356713213516846817e-02 5.897057911763600030e-02 6.847549107500390531e-02 6.523016506942620751e-02 7.036023940370926544e-02 6.247630522750811238e-02 4.451481513986937401e-03 3.607530063559304806e-02 3.640534296938624514e-02 2.080984959931580711e-02 2.157039826764448054e-02 1.647960364140295744e-02
4.799558497484785607e-02 3.508526231974957305e-02 3.304256599153469059e-02 3.064545886501485530e-02 2.964709280830811131e-02 2.702871091360291647e-02 1.438580204883516296e-02 3.128460430980386370e-02 5.611501493580941385e-02 5.770714617699870125e-02 7.781732942719205015e-02 5.437353857252139044e-02 4.356713213516846817e-02 5.897057911763600030e-02 6.847549107500390531e-02 6.523016506942620751e-02 7.036023940370926544e-02 6.247630522750811238e-02 4.451481513986937401e-03 3.607530063559304806e-02 3.640534296938624514e-02 2.080984959931580711e-02 2.157039826764448054e-02 1.647960364140295744e-02
5.379966637375464128e-02 4.000608818456304755e-02 3.618648192807743386e-02 3.520445883938792819e-02 3.981919852924453024e-02 4.240835523357311398e-02 2.909973139036966736e-02 3.910448196108100988e-02 6.069733479722775465e-02 6.337199738917283220e-02 6.969891183712999261e-02 5.942946413118210813e-02 4.173525187385582896e-02 4.206600063628509328e-02 4.796908375003509223e-02 5.191493296704846605e-02 5.348519322648809249e-02 4.146805383218718499e-02 1.659585526034624073e-02 4.527524113097006891e-02 4.261072932532606466e-02 1.433517326588282757e-02 1.872336582043263031e-02 1.499494831637832037e-02
3.121326646241818700e-02 1.386148151534016826e-02 3.014834672664065685e-02 3.703625311104564305e-02 4.220231823912820590e-02 4.358824966434918236e-02 3.371975801626491548e-02 5.031844934911123418e-02 5.565432776279712751e-02 6.217694672141066414e-02 7.440079423071960241e-02 6.127484823769079741e-02 4.351171588862528389e-02 5.048672639617387409e-02 5.518270100654371069e-02 6.384496516282990586e-02 7.171560728143283603e-02 6.093143097296407212e-02 9.078248492400490741e-03 3.091718872624231798e-02 2.711053544774863142e-02 1.464021465687353162e-02 2.480154983900481613e-02 1.218407609224415877e-02
3.046824789567842418e-02 1.275112401181577836e-02 1.475483597638054152e-02 2.229487005288108628e-02 2.414129273353778082e-02 2.114369602825032224e-02 1.095957739843619362e-02 3.640984845572561857e-02 6.737973622920497008e-02 6.710890777162252518e-02 7.917549761689195165e-02 6.920151310449977611e-02 5.632741002465960906e-02 6.440053470061463115e-02 6.933045776100110746e-02 7.267276530789718025e-02 7.334190944485390051e-02 6.213044464261360117e-02 1.510806280303017037e-02 2.424351275710961637e-02 2.689238496089399119e-02 2.280903656319784034e-02 3.219793689768331996e-02 2.475639686152007399e-02
3.981419628866150057e-02 1.885916959186160341e-02 1.698640168965393979e-02 1.665594697584735911e-02 2.123397807833407244e-02 3.029734699742851409e-02 1.933518363725017855e-02 3.524929145207891801e-02 6.163573308008254287e-02 6.434452308632132578e-02 7.544820202933341657e-02 6.500864649282349361e-02 5.334422028511922459e-02 5.973949494235244323e-02 6.574342917953694687e-02 7.390959204466354682e-02 7.638962027004884969e-02 6.236131490534749938e-02 1.350585762287614781e-02 2.289687819119426426e-02 2.147683626371980903e-02 1.994983246843663738e-02 3.631438136593268667e-02 2.949992306109508813e-02
5.009008219667748785e-02 2.729087794484505794e-02 2.487209771414780266e-02 2.483957782740582598e-02 2.831673561967046338e-02 3.575667803279910378e-02 1.533156385017556134e-02 3.002259225477407756e-02 5.539752637411384656e-02 5.658683148545261971e-02 7.205289041048754117e-02 6.895909127804988881e-02 5.362372091583465089e-02 5.320059181749479255e-02 5.305343087435065996e-02 5.437981317625781991e-02 6.037450745692683057e-02 5.658039142961578810e-02 1.714502769025801759e-02 3.269084066867410793e-02 3.268750395422995864e-02 2.714619108604397757e-02 3.939281038883601926e-02 3.020862555287809337e-02
4.067993531467897772e-02 2.538718157145400736e-02 2.930111865981570654e-02 2.709873143334233514e-02 2.960330780297456069e-02 3.482754659147066501e-02 1.552231038844689541e-02 4.450366242233846914e-02 7.371892454324684152e-02 7.530193828722080152e-02 8.470575076843049611e-02 6.757760069527515845e-02 5.051136546230635543e-02 5.224791318737074391e-02 5.345351759362469007e-02 5.374670570791676566e-02 5.684194418513168617e-02 5.251363545778767877e-02 1.045534304289146531e-02 2.080049266784632367e-02 2.205475319258645706e-02 1.890959481010636226e-02 3.403909985611285743e-02 2.619762635762372047e-02
3.808870767564487281e-02 2.436392125854422094e-02 2.068728679550377314e-02 1.765890210581909717e-02 2.529690686213311238e-02 3.033850523192858570e-02 1.651159945760538247e-02 3.497319385522008189e-02 6.285666938014240757e-02 6.496486621205325995e-02 7.688622011402405920e-02 6.268295899747146349e-02 4.583157995543254287e-02 5.293450211501898872e-02 6.044427220639408960e-02 6.403405735835457357e-02 6.576175224710899270e-02 5.940774424776332913e-02 2.016539595987397113e-02 3.209716446437330117e-02 3.476500264648051813e-02 2.922827164382510098e-02 3.514581492414259323e-02 2.487470428514169593e-02
4.581030036096711555e-02 3.196792051197803325e-02 3.308889063259966984e-02 3.378867950946866372e-02 3.953840615456792607e-02 4.609304888927200777e-02 3.036873165109083006e-02 4.551934042223800686e-02 7.151128505021463189e-02 7.602930338880703465e-02 7.685743950729802265e-02 5.630696008384375451e-02 3.841630581213215795e-02 4.639747190933244531e-02 5.158588175912302148e-02 5.772082048921572950e-02 5.986529435647860303e-02 4.679819629381543750e-02 5.708014771485045956e-03 2.040208202040772953e-02 2.370268507946815192e-02 1.874416191439524926e-02 2.331123026691684155e-02 2.046754916488389628e-02
4.822318106861386150e-02 2.371514521196108061e-02 2.403059000435920148e-02 3.033888634350652772e-02 3.962049240730863842e-02 4.215978483815679273e-02 2.631051007132760231e-02 5.229899685955000099e-02 8.155536518480401009e-02 6.128795369155907308e-02 5.426625111696309345e-02 5.101071271960602033e-02 4.216625241137863384e-02 4.307907583996168494e-02 3.859911207477577377e-02 5.220405145351415116e-02 5.845335533592127542e-02 6.740229166402302019e-02 2.984188525788724136e-02 2.626250685574874413e-02 3.610520800613708364e-02 2.689816178852742420e-02 1.777166760941406923e-02 2.639856218499500584e-02
3.235618269881250508e-02 2.713186812798290548e-02 3.117171547043011762e-02 3.929776530639362414e-02 4.492417284297964969e-02 4.452698970628814895e-02 3.657906981269990615e-02 4.751390018796155384e-02 5.077302095145307809e-02 4.697860858463776684e-02 5.588843201411123479e-02 5.609955977669458388e-02 4.932962828640790470e-02 4.665054342066633081e-02 4.721931003665935656e-02 5.881517520574758989e-02 6.709925615666736953e-02 6.482076268909375827e-02 3.130584779849077126e-02 3.563819059339860817e-02 2.361297992895894024e-02 1.929745202623807040e-02 1.894152417887789291e-02 2.402804419834832575e-02
2.564569623771283460e-02 2.373336167430298294e-02 3.331385405887080098e-02 3.306872615876280119e-02 3.627960121448108033e-02 3.757578085605887269e-02 2.178848017042700827e-02 2.994572824022771751e-02 3.329847564499802126e-02 3.153399523808598365e-02 4.923987992685796566e-02 5.700135706423406501e-02 5.716729251403384476e-02 5.868239230442864190e-02 5.768103560521661149e-02 6.538513196478100420e-02 6.957243662509698945e-02 6.000411744179789952e-02 3.551978654607548802e-02 4.444779566501275148e-02 4.025293537566621699e-02 4.228461185526825178e-02 3.441654718328333168e-02 2.216098043431882769e-02
3.303842868150289047e-02 3.104727980365383846e-02 2.741920650248979088e-02 2.680971413594561079e-02 3.438492123431102082e-02 3.475712696353395331e-02 2.240074234498745653e-02 2.956830799303752921e-02 3.921291525156881536e-02 4.322535144912726529e-02 6.031610007431525283e-02 6.060839445999997160e-02 6.164272300619318828e-02 5.804199920513241490e-02 5.874097927138795944e-02 6.370615131856065261e-02 6.860276925263895931e-02 6.280747831058454411e-02 2.739189914414697294e-02 2.722878694986469172e-02 2.904024258801175470e-02 3.330053470844451108e-02 3.417401702219324128e-02 3.253393032836774529e-02
3.733743937703660337e-02 2.740823979741671343e-02 2.401815487177139455e-02 2.440612121272639490e-02 2.630414644592616799e-02 2.868801750845372325e-02 2.397648783699446104e-02 3.854081005101536034e-02 4.314025871362728998e-02 4.367620069959995965e-02 5.770751993836645971e-02 5.985924032202391554e-02 5.695718104255775849e-02 5.244400207321741475e-02 5.133720778321076983e-02 5.589607994481649716e-02 5.951600587501826300e-02 5.556004993675330711e-02 3.388999673142127633e-02 4.845460525146189079e-02 4.284621348527777734e-02 4.054038528607883940e-02 3.472307736803716821e-02 3.277255844719060424e-02
3.202360045415730133e-02 3.273302354534234765e-02 3.278080369772494451e-02 3.533732430952193221e-02 4.245771298821334611e-02 4.285082049076879840e-02 3.401081420976723863e-02 5.049694327885976414e-02 4.267146291016498533e-02 2.909680973876618837e-02 3.922730307819744661e-02 3.992288078561819636e-02 3.990643806091292295e-02 3.866335057665858804e-02 3.846646556327226740e-02 3.882996629180413689e-02 5.290993042425378573e-02 6.615434593196528601e-02 5.337238630499532843e-02 6.469422467771433760e-02 6.042842052178894890e-02 4.396159617231498729e-02 1.892830393875514702e-02 3.007507204846178103e-02
3.343335658387646542e-02 3.504484744203854862e-02 3.613088553114153501e-02 3.759440557801840138e-02 4.508962788115042364e-02 4.479407464835388764e-02 3.805607500316631614e-02 5.439230684461885540e-02 4.263925561095154720e-02 2.606576520867249711e-02 3.609661011395109281e-02 3.702747801508494974e-02 3.697267889550604619e-02 3.754620256856642385e-02 3.853198847115745646e-02 3.984260228803272741e-02 5.536430206309617824e-02 6.795307284413956705e-02 5.292672006295202208e-02 6.063385067943868889e-02 5.582721607807128450e-02 4.377979270187357108e-02 1.792307577860912174e-02 2.633380910753238546e-02
4.172556111966415487e-02 4.161163736434924515e-02 4.037153792885559561e-02 5.070513725535624044e-02 5.217264826022700169e-02 4.937112947488383335e-02 4.019130950618009929e-02 6.882061834849921567e-02 6.659971850466188392e-02 4.808332497257150617e-02 4.282919100627585046e-02 3.517167934565725018e-02 3.281793389285888457e-02 3.677981076414672118e-02 3.989239856450130933e-02 4.021175395966964522e-02 5.496284285741160486e-02 4.015734566941429884e-02 3.270576508458963860e-02 5.567875140877922430e-02 3.351311706824270514e-02 2.204996273178148544e-02 1.247442255877099365e-02 2.110240235265162245e-02
3.408244118499400427e-02 3.473178186637399661e-02 3.511563192535389205e-02 4.305269695666767010e-02 4.545494483723611090e-02 4.057682899923734793e-02 2.599906580788195407e-02 5.803823458869122875e-02 6.403611597952139911e-02 4.663483862335093127e-02 4.415976813694325737e-02 4.230159189688844495e-02 3.760836764121090053e-02 4.283005228479497273e-02 4.444918804688813285e-02 3.881260375724369244e-02 5.027618882877967627e-02 3.818429008039366662e-02 4.067769744784027058e-02 6.629982050435516416e-02 4.176264422237349616e-02 3.126830562684910358e-02 2.235432378411320031e-02 3.129257697201748983e-02
4.651940964190864197e-02 4.703034420088677420e-02 3.663323796750964090e-02 2.566443821444226378e-02 3.579628762983659562e-02 3.749890761425936359e-02 2.824805301433788371e-02 4.887688674084328389e-02 6.015354147147414926e-02 5.432314351265201541e-02 6.791489660415069018e-02 6.007395745639043660e-02 4.127886066712815188e-02 5.048270198696705457e-02 4.108256272124296421e-02 4.544541966822130546e-02 4.425722271193201912e-02 5.775696368379357182e-02 4.263659619173037346e-02 3.223155087098807797e-02 3.129513780818895391e-02 2.040961386693330645e-02 2.580513392753652768e-02 1.858513182664596822e-02
4.238527302310854394e-02 3.497000462693999195e-02 3.477524835377637097e-02 2.829048820056592403e-02 3.365891324372664861e-02 4.290649101662067505e-02 2.326883850737531886e-02 3.742984861870125163e-02 4.717850040188090177e-02 4.534803279052009722e-02 5.658394580214159975e-02 4.453381753698806150e-02 5.920040224629610076e-02 5.477545332701622138e-02 4.885596668845307994e-02 5.246333162423819779e-02 4.638689604736444955e-02 4.720230872088523877e-02 2.053847270759933188e-02 3.843581551697997784e-02 4.703283896386695889e-02 3.665670515894176029e-02 3.234314570814206258e-02 4.477926116787123156e-02
4.675706077703333657e-02 3.844219412361235544e-02 3.462955989086428238e-02 2.934671100930040522e-02 3.468313508170622894e-02 4.570022799374957173e-02 2.702586852155547739e-02 4.025078031297588815e-02 4.964389791040575012e-02 4.176240684089169153e-02 4.849040588992677842e-02 3.515817310634122145e-02 5.255058722586927744e-02 5.136692615147981505e-02 4.640355304504082540e-02 5.231922771231457131e-02 4.790934215454458606e-02 5.051860436036129109e-02 2.450038218471412010e-02 3.914678938480104647e-02 4.547170757398533852e-02 3.640605193824069524e-02 3.514568374369057141e-02 4.637072306659486415e-02
4.296841138734943527e-02 3.531438479769272859e-02 3.111043215327417497e-02 2.397298630266965144e-02 2.986532586548644452e-02 3.674257300731207515e-02 1.918386306258106425e-02 3.906286922456771865e-02 5.023474937389874745e-02 4.823540149603957466e-02 5.714719552734224411e-02 4.343631178089722017e-02 5.895653228615957420e-02 5.558256109817943935e-02 4.869464167619977357e-02 5.237663287728980266e-02 4.672724645286549516e-02 4.628804708804330065e-02 2.397353706956123834e-02 4.027521398284464316e-02 4.899544235602346087e-02 3.980904476009222009e-02 3.417578420183064319e-02 4.687081217179933645e-02
4.407974432148644567e-02 3.518234701094965361e-02 3.164093192210073319e-02 2.629207873412094457e-02 3.319569502433104835e-02 3.863830814419751819e-02 2.213844571428180696e-02 4.303952769222452179e-02 5.819782482853527728e-02 5.248273791805063010e-02 5.653853386104878975e-02 4.231418266641132769e-02 5.727384924155410478e-02 5.461750757007824419e-02 4.816979789553389041e-02 5.143062437566253003e-02 4.508037254088911178e-02 3.930676579625051736e-02 2.168925717022324173e-02 3.740147911079457627e-02 4.497416134793098125e-02 3.719471760876639360e-02 3.382003354725589966e-02 4.530107595732182912e-02
5.395854707161091418e-02 5.080243793942870040e-02 3.208972243869049473e-02 3.751009865624776313e-02 4.657359384513695688e-02 5.007748240458187450e-02 3.083031126890488013e-02 4.769535572331173867e-02 6.541299941645244143e-02 5.151988056735016391e-02 3.230292519532988738e-02 3.121108763162104213e-02 5.534026860094008043e-02 3.557526070430001852e-02 3.293466262094651986e-02 3.729308848280841332e-02 4.286059953402859835e-02 5.126297422221028771e-02 3.739870434013486261e-02 3.981502047822794293e-02 4.043777125656008303e-02 3.230350435652280111e-02 3.548103401000243795e-02 2.931266923465106200e-02
3.200985197608040983e-02 3.289656597664434440e-02 2.863153789304678787e-02 2.882044321172757065e-02 3.976015996026625171e-02 4.324785003322508675e-02 2.043179745256980609e-02 4.146756257325066169e-02 7.553002412968722046e-02 6.528734216588803763e-02 5.003813954194152175e-02 4.919513467942349116e-02 6.820978935338310734e-02 4.740839835234076510e-02 4.143359028994736404e-02 4.349880919688511871e-02 4.938607416270494183e-02 4.260342729177102328e-02 2.939466034650170187e-02 4.913143890435676259e-02 2.897645325697944044e-02 2.686197062701748892e-02 3.743878416147166516e-02 2.834019446288946198e-02
3.292699011219132887e-02 3.349322747918517112e-02 3.244314396192979344e-02 3.339575492948218538e-02 4.219604186737161561e-02 4.454797233188323435e-02 2.836759390818492307e-02 4.162425296639950950e-02 5.816796644282534040e-02 4.838194690429328121e-02 3.539676439952119807e-02 3.972557690321827650e-02 6.638810568285669067e-02 4.791944476825397287e-02 4.322641583800839599e-02 4.950623006670264864e-02 5.786550048146830300e-02 4.888710353279423354e-02 3.093173702254632326e-02 4.706630876635620186e-02 2.517567663698075039e-02 2.650316336449121124e-02 4.042024035745395150e-02 4.544284127560149766e-02
4.646482355645340651e-02 3.645712790712311857e-02 2.806220765577207080e-02 3.197504018087437422e-02 3.342476698787642114e-02 3.821060607455359359e-02 2.884904698161314118e-02 4.752417310819952861e-02 5.786493002213283221e-02 4.915319421503188541e-02 4.147731872441223766e-02 4.276646367392637066e-02 7.022039221023197719e-02 5.679954536440564444e-02 5.037040741048946085e-02 5.720046162957640595e-02 6.476646718551321014e-02 5.110059387930870195e-02 2.716762597085795039e-02 3.430177717028943390e-02 1.532046335476171250e-02 1.915749212219561640e-02 3.736978154688323089e-02 3.399529306751766788e-02
3.377164576643676419e-02 3.350311660809610070e-02 2.216126053382783123e-02 2.399415550443283196e-02 3.148885667274552852e-02 3.784352641495089542e-02 2.409305671004952076e-02 4.241644848790245698e-02 6.128438522764288049e-02 4.920277786989946112e-02 4.184181379469240764e-02 4.201468864644501006e-02 6.807954153751978599e-02 5.791811500187216133e-02 5.323932353259192701e-02 5.271121539588844579e-02 5.976022178148371333e-02 5.569103274892692190e-02 2.756541108691923023e-02 4.251286387140632006e-02 2.780632795047728589e-02 3.143339104077293861e-02 4.146471375307470009e-02 3.820211006194487030e-02
3.183753324280783059e-02 3.082663913010981124e-02 2.699420074458459828e-02 3.030901045196794652e-02 3.681977093896470626e-02 3.999031768320420593e-02 2.237760488970096454e-02 4.245624077391216278e-02 7.240245576448656184e-02 6.394816659567423289e-02 4.876555762727885490e-02 4.526515706522587362e-02 6.246961724197722804e-02 4.406374401379922062e-02 3.885114786049648217e-02 4.358872531022863622e-02 4.914033889569478092e-02 4.250669640691825263e-02 3.039621633662605016e-02 5.060074030021002173e-02 3.082686479088570311e-02 2.872513048515231218e-02 4.311676682378610265e-02 4.372135662630746711e-02
4.352718207058502847e-02 4.037169131139942829e-02 2.900654251753074023e-02 3.404296139037019109e-02 4.334515225200889083e-02 4.711007176652378531e-02 3.182350355223787647e-02 4.776170927004996097e-02 7.087609533222456737e-02 6.005097830188287772e-02 4.066154394756155838e-02 3.999341569512001454e-02 6.212600737150839048e-02 4.312664380511418288e-02 3.427330129566259070e-02 4.025427483056829431e-02 4.821231660642568556e-02 4.250084253957859409e-02 3.184033850628472523e-02 5.074590786980689994e-02 2.983037470317418186e-02 2.389740620674274396e-02 3.160297046829169815e-02 3.301876838934709318e-02
4.170026187095365183e-02 3.887013222965004372e-02 3.238177610318142968e-02 3.648383598070407269e-02 4.680288594029369253e-02 5.053339483855077280e-02 3.594656262661042462e-02 4.860176115656247159e-02 6.551220263437741720e-02 5.576463250597545745e-02 3.947348372940314570e-02 3.664113780282274996e-02 6.073997210676551628e-02 4.060224941515980929e-02 3.178960499211316154e-02 3.417152398631591315e-02 4.081042658523444805e-02 4.368113758936086749e-02 3.943957173855461990e-02 5.742249373725494266e-02 3.760770227713693126e-02 2.553054229596627908e-02 2.690683556167986282e-02 3.258587229537232566e-02
3.982185165576579422e-02 3.927097306471352689e-02 3.462205158894385293e-02 3.769017932645991192e-02 4.524942555696542801e-02 4.973317185689479780e-02 3.321593549744931290e-02 4.928630286867666938e-02 6.911610231986919928e-02 5.809534773250748380e-02 4.449308500527359572e-02 4.117261072060971611e-02 6.256893717310796355e-02 4.395183596324719194e-02 3.658970410494184061e-02 3.942559020313978618e-02 4.662112511762191852e-02 3.873534909208044968e-02 2.536798457683722696e-02 4.414631866900858848e-02 2.420497853829535126e-02 2.249393453081459729e-02 3.789995851017355366e-02 3.622724632660225680e-02
4.663149690185078300e-02 4.754073348785727710e-02 4.174503420970678697e-02 4.570383866348817076e-02 5.219539154624327354e-02 5.495851958378280416e-02 3.776030358046732899e-02 4.745439607411280902e-02 6.500967650659025820e-02 5.408103224113205293e-02 4.065153067445547580e-02 3.767600692828815961e-02 5.850429509752178014e-02 4.003872008970479207e-02 3.383089286581242305e-02 3.451846947630440171e-02 4.476536629982483945e-02 3.826677017778194745e-02 2.347677016733469915e-02 3.874105239611577711e-02 1.923978452594453728e-02 2.208240740018767648e-02 3.474803027205182471e-02 4.037948083344011091e-02
3.755675587087335676e-02 5.084379897852252944e-02 4.042640602939710087e-02 4.870132412105209613e-02 4.574921685048047998e-02 4.846050519765573300e-02 4.177747486793467746e-02 4.287113530279554330e-02 3.202374809031343500e-02 3.442889203614604016e-02 4.233736661421330649e-02 3.987918307443697602e-02 4.696510682286330479e-02 4.790145965303396758e-02 3.844621894506330961e-02 4.037427344624312103e-02 4.576421001969981778e-02 5.550930942276957603e-02 2.141697894921535880e-02 3.283443245302168634e-02 4.267553134985355157e-02 5.044203508136651387e-02 4.638137865479894512e-02 2.623325816824960063e-02
3.351168119805161133e-02 3.364926901930598291e-02 2.874169280441355237e-02 2.311985385278110885e-02 2.316101835336675796e-02 2.879671682668208041e-02 2.521051238035882866e-02 3.894922396731195086e-02 4.948753327415375547e-02 4.442126944101324609e-02 5.563911063985047672e-02 6.040153791926140131e-02 5.422851786885057868e-02 5.458111927470660901e-02 5.614707349041367368e-02 5.549380367006483822e-02 6.236771632935286802e-02 6.278579586339561036e-02 3.498261906794251225e-02 3.782156852160906135e-02 3.951828203480290541e-02 3.591523989271282885e-02 2.846022270417601988e-02 3.260862160542173788e-02
4.563030064375944717e-02 3.333840615625804221e-02 2.871321792008220755e-02 2.648621357465809345e-02 2.510037224450160920e-02 3.132172068820333194e-02 1.844313828786125695e-02 3.509156835531470481e-02 3.130848429278424577e-02 5.482655424946022288e-02 6.592063389807201190e-02 4.820764545622788916e-02 4.450425349049621365e-02 4.561020170597643308e-02 3.753729098938021758e-02 4.145741281715846493e-02 4.596433153920028575e-02 6.737690157561589122e-02 5.914176634636023749e-02 4.672597286645016612e-02 4.444411765626071764e-02 5.995413998511855969e-02 3.991182586672128302e-02 2.298352939407847031e-02
4.067943529160858440e-02 3.138970338940202942e-02 3.310300078078199509e-02 2.736841879992528079e-02 2.590462137277211793e-02 3.416359372438864533e-02 2.143424033938029147e-02 3.853106621176372731e-02 3.772740721607446140e-02 6.137062663954531011e-02 6.594068986711136560e-02 4.533465665593423150e-02 4.190417421018175631e-02 4.280723331047350810e-02 3.554890225778168517e-02 3.937264777860583626e-02 4.426419115637158369e-02 6.404810695501005069e-02 5.671483470953139067e-02 4.519400903692347843e-02 4.325953920569668848e-02 5.773024024917946390e-02 4.094256194858082037e-02 2.526609889297567677e-02
4.877101102563802248e-02 3.975131798295020863e-02 3.814700717450415779e-02 3.471851223045299001e-02 3.367931115909827272e-02 3.932711599226794419e-02 2.622821562087933323e-02 4.271332524426909444e-02 4.365315693621509702e-02 6.682471647264877357e-02 6.965496510006798092e-02 4.772124594953747884e-02 4.561644888485488769e-02 4.508300507585607381e-02 3.358728226387178856e-02 3.540006045052783434e-02 3.746337710362564882e-02 5.835766634241924128e-02 4.804364352562170287e-02 3.317978646992441466e-02 3.121589517978250530e-02 4.777721736950587411e-02 3.149045010457582339e-02 2.159526634090485828e-02
2.798940106509533940e-02 3.527009947123997680e-02 3.822850360506284406e-02 3.546558573599215697e-02 3.938681051856881415e-02 4.451811131825134105e-02 1.930933873184877483e-02 4.609415422715565369e-02 6.991922570019597216e-02 3.282144811101823240e-02 6.189096879237362958e-02 5.257102678469427470e-02 4.602725032867138744e-02 4.209233480856212212e-02 5.457917883574531226e-02 4.617158682771063671e-02 6.142287020629425692e-02 5.854525358025401000e-02 3.213646212061478658e-02 4.066079111850626204e-02 2.930899322215323524e-02 3.056492599462395932e-02 3.186584756114169137e-02 2.315983133422531634e-02
4.754209937767315403e-02 3.561944773286598170e-02 2.747650825990057000e-02 3.019438706294495789e-02 2.997294586826786122e-02 3.700004672416980916e-02 2.113799884685051492e-02 4.438740400183823626e-02 4.775981825899972000e-02 5.245038422934792527e-02 7.559709810830360366e-02 6.823351820619205643e-02 4.910487765582135372e-02 5.456495599833738330e-02 5.712601304496256471e-02 4.649984697093548225e-02 5.240762997952039953e-02 4.468276733778855925e-02 3.401761875359213261e-02 2.715663134653625854e-02 1.846392930294534634e-02 3.361900725834687798e-02 2.515923253850177455e-02 3.982583313535750097e-02
4.422470672972154265e-02 3.565833328622202564e-02 3.611923310930770237e-02 4.717673136597436145e-02 4.671333111298087842e-02 5.122746692031402566e-02 4.739444487579951709e-02 4.870601690873514050e-02 3.751558563005429059e-02 4.907982278354022093e-02 6.297804474934730334e-02 5.277529711257986089e-02 2.957624447448242710e-02 3.222995061608257411e-02 4.981390738054982531e-02 3.038132324104296511e-02 2.619040975593699486e-02 4.644018974295305302e-02 7.022084258730694473e-02 4.053521000650636003e-02 2.718725122924786630e-02 3.444831420551341949e-02 1.819039245045958597e-02 3.521694972534111789e-02
4.021888965132127541e-02 3.998450367533105260e-02 3.512458040176708041e-02 4.198362730172527230e-02 5.449821906986530157e-02 3.784551116353644662e-02 5.091820954639163926e-02 4.268352100543409272e-02 4.428619481848256045e-02 4.753724914635407833e-02 5.275843525032320597e-02 2.527615235835642751e-02 1.543271155258165578e-02 1.961611119651767918e-02 3.296311327092077414e-02 3.213597159262269326e-02 2.832210846560935524e-02 5.974442660985903458e-02 8.005938025394845892e-02 2.499353469676757547e-02 3.721930361451605135e-02 4.791804700194392946e-02 5.838266534671141678e-02 5.009753300911293922e-02
1.601846492486480242e-02 2.254511991436219595e-02 3.753408949971937664e-02 4.479116056533952867e-02 4.977387670635297773e-02 3.736531303194675496e-02 5.146497722453530210e-02 3.748571255364194221e-02 3.394459914346614759e-02 3.288340176399979359e-02 2.722798626673769359e-02 1.614152343027968478e-02 1.724189647402543310e-02 2.247741577250729136e-02 3.455061051336666411e-02 3.724558660072119221e-02 4.650597406167211734e-02 6.194211469896912514e-02 7.482796421878724902e-02 4.156406746156428300e-02 5.396624441267200423e-02 6.578570512710173179e-02 6.276690890955627378e-02 7.394928672381041734e-02
2.913131354247772142e-02 2.837214115322403765e-02 3.376452555653940840e-02 3.328044036518761767e-02 3.501828984099632919e-02 3.578428238696596680e-02 5.727821651762337457e-02 5.463786075889200816e-02 4.486402430911515249e-02 6.775563171725507150e-02 5.032304812847237380e-02 3.782879782232805715e-02 3.136117029739610151e-02 1.988395249482197841e-02 3.588065695197131116e-02 3.181565141103065431e-02 3.051298488550079416e-02 5.415031228223618487e-02 7.067382555860525495e-02 2.796986387794569984e-02 4.606558683967883899e-02 4.407634776710012137e-02 4.325703793508012956e-02 5.631403759955583288e-02
4.587398694021155299e-02 3.821141862743058365e-02 3.453512125384388537e-02 3.905733663517976101e-02 5.868377394113472034e-02 4.898299499562470266e-02 3.751427483983452854e-02 2.082881267089158397e-02 5.548194589505603402e-02 2.700064960654780313e-02 3.839137894636868165e-02 5.641184631205207328e-02 3.883244588637387723e-02 2.906243233751609756e-02 2.329586216356555051e-02 3.681850920385990739e-02 3.799024565801073505e-02 4.136867024859122027e-02 2.648366452820011610e-02 2.153007576892910710e-02 9.540960938583102624e-02 6.097396884503273468e-02 5.960026123488965100e-02 2.766071407502406279e-02
4.506346895660835045e-02 5.449835308407841722e-02 4.805429040829778398e-02 4.224789727809671186e-02 4.722202793508555735e-02 4.789576719960892542e-02 4.689448034981389540e-02 2.819375903666824015e-02 3.712528675779192683e-02 3.114748817026156621e-02 3.241641223368487562e-02 4.224099752308180244e-02 2.995531006449307296e-02 3.444280631443439461e-02 4.583898361485446576e-02 5.177538472657472468e-02 4.692006302840103643e-02 4.704319144230601629e-02 2.781603964044639457e-02 1.858637813643183173e-02 4.893510316829455253e-02 5.611498966894571533e-02 4.937786286664363339e-02 4.019365839509609489e-02
4.078115316837754162e-02 5.295080297095620253e-02 4.618062309369408425e-02 5.234130890461446278e-02 5.966712551496463485e-02 5.463351367291757743e-02 4.478098578275638980e-02 1.934219860223191853e-02 3.820523673801506925e-02 3.980341009202566227e-02 4.120209563920314288e-02 4.433104247379193730e-02 3.115871491429495280e-02 2.170069474701796786e-02 2.346830313173773122e-02 2.979174340690587605e-02 3.434253205969722139e-02 3.884972929800140085e-02 3.394608286129819491e-02 3.774694092456285649e-02 5.606689990904720894e-02 6.517681928000031155e-02 5.139494323160150729e-02 4.213709958228614022e-02
6.612475481392617038e-02 6.879731499449871779e-02 5.758457897127618880e-02 5.646447167991033161e-02 6.231230890176275850e-02 6.024753338623693028e-02 4.146966759979144740e-02 1.125039382027153562e-02 3.254494406116634903e-02 1.951006217899951822e-02 3.767662607067742697e-02 4.712531271791971926e-02 3.025231140265740096e-02 3.481433282388628897e-02 3.828496125724103333e-02 4.346107894144824596e-02 4.794152280731539539e-02 4.692802848003472388e-02 3.591257469396420127e-02 2.069426468318940129e-02 4.237511851259440770e-02 3.540747828995479546e-02 3.258536354508311667e-02 3.023499536619391956e-02
6.365004562067567984e-02 2.792557766883810300e-02 4.151771293299614390e-02 4.489914863938505168e-02 4.646530038020383474e-02 4.463502876281399273e-02 6.197035598103791537e-02 6.252928250470175808e-02 3.371603894418189612e-02 2.919352357138375875e-02 4.363251535781309531e-02 1.148196714368941891e-02 1.586146336845177529e-02 2.685480753165883638e-02 2.773072080592050084e-02 4.374215932619630182e-02 5.136555993952596905e-02 4.033697869625321036e-02 4.546580602470448595e-02 8.505310953003404617e-02 6.247486424230577068e-02 1.160012491225088406e-02 4.331280655742637126e-02 3.458510155755119969e-02
4.111005135787574455e-02 4.404432091985189396e-02 3.493260969404354127e-02 4.377081718256140702e-02 5.290348110776509766e-02 4.389602021266219428e-02 3.260255024199485568e-02 3.250667055148929313e-02 4.773068505054756105e-02 3.872296709117008934e-02 5.048734256554116701e-02 3.174554500927010553e-02 4.374925265826627024e-02 4.694339557341303815e-02 4.830878486346793649e-02 5.352768725657194165e-02 6.345183410905379240e-02 6.395256985824819551e-02 3.923957673471215740e-02 4.204893042214397775e-02 4.758357026604057710e-02 2.381377476476402230e-02 1.858827368293864551e-02 1.433928882560648460e-02
4.068271411049226294e-02 4.777968328602954368e-02 5.870051009198570119e-02 6.156870696941361271e-02 6.379752722104110874e-02 5.579371862482129796e-02 4.281945901697616769e-02 3.112045755410663972e-02 2.814503788328533498e-02 2.551405278698135048e-02 2.222168181562917191e-02 1.665309064571360645e-02 2.514644214609504727e-02 2.607733754195669038e-02 3.329636909237485010e-02 4.754673383115998880e-02 5.294589910997146015e-02 5.982020300658868334e-02 4.738604968208292439e-02 6.595668043226064758e-02 6.650924817115085041e-02 3.446137136155105057e-02 1.884409853079373198e-02 2.721292708753826270e-02
5.171363105418481237e-02 5.776893473109070976e-02 5.741506277027421529e-02 4.252823851097611157e-02 4.023044757711057712e-02 4.357365837489421412e-02 3.664439894999518832e-02 3.665881936468613073e-02 2.596535530934095462e-02 3.674672894525641414e-02 5.228107094375148561e-02 3.604337354029003154e-02 2.923305924365282235e-02 3.851317040881858250e-02 3.140994231932334874e-02 5.301805988383368612e-02 6.046752451164619929e-02 5.032798736484128677e-02 4.687590406377736135e-02 2.866430211063225597e-02 4.038140590359840659e-02 3.095253570717321212e-02 4.178513158534415822e-02 3.080125682550783825e-02
8.080743591188679908e-02 7.534792151598616872e-02 5.472527727293496208e-02 5.271558426581832851e-02 5.067526579009740129e-02 4.702535405544319702e-02 5.275503788786564674e-02 5.612526712476409441e-02 2.359979739639762528e-02 1.675808211795982647e-02 2.370504720957638742e-02 3.863313994371261884e-02 3.984220030014276603e-02 3.832984348306524985e-02 4.214378842704930711e-02 4.481961704817224307e-02 3.557877788057525748e-02 2.937738597688964795e-02 3.466868364818389420e-02 4.719997412767815842e-02 4.456808389947761184e-02 2.843365950648620022e-02 1.871234767303417770e-02 2.345242753680240599e-02
5.845414241684792483e-02 6.980191594435593283e-02 5.974027605228842547e-02 6.089295145896279210e-02 6.419755936310739264e-02 6.138495228465132292e-02 4.175888825130969623e-02 2.177016317980903781e-02 2.858416603386277829e-02 1.345168298563983143e-02 2.791460720082429917e-02 3.777188698548255424e-02 3.804649849840584935e-02 3.706913332169858161e-02 3.855530254317677402e-02 4.521433415182440907e-02 5.086437637698863062e-02 4.055483994938594017e-02 4.842563147869319989e-02 4.449184208853945721e-02 4.056648443854554698e-02 1.086506262127156543e-02 2.435442039702365169e-02 3.526888197730440599e-02
3.993936377992654552e-02 4.635851310212425053e-02 7.055432104965399243e-02 7.546197242964543250e-02 7.959786603787169512e-02 7.652082728384256016e-02 6.309677033853605677e-02 3.690319764886147019e-02 3.278216464352495113e-02 2.879099455504619334e-02 3.802917433607425762e-02 4.921680763676961057e-02 3.578644022726895635e-02 2.324772286257161327e-02 2.432256576451703386e-02 3.141106831020030327e-02 4.408287942500296180e-02 4.214099101061050123e-02 4.031807353127562360e-02 1.997359095208346355e-02 1.578256328128712846e-02 1.929455073959639166e-02 3.283908850145143138e-02 3.354849255225756527e-02
4.648200034626399219e-02 6.452897791441349062e-02 6.776568415474784612e-02 7.573064846075967804e-02 7.703574883015427976e-02 6.888670177015583651e-02 5.394431875442307761e-02 2.288193723238407529e-02 2.572926609329774170e-02 2.565076600482329994e-02 2.395562046395839292e-02 2.424536187750724048e-02 3.619767230716686851e-02 2.871067804140256530e-02 2.903461916454523270e-02 3.657639275083507391e-02 3.522610463693615079e-02 2.793477447636576183e-02 4.641720716740958125e-02 4.021793303937783864e-02 5.434218479749020753e-02 3.009177721151200247e-02 2.753077883207017199e-02 3.088284567199958697e-02
6.019399234683465300e-02 7.967114864808377828e-02 7.444663756743012673e-02 7.952076994280059263e-02 8.488376971770690560e-02 8.022668538145140416e-02 5.563233334619917952e-02 3.713625134329083533e-02 3.445223589271668302e-02 3.836039725761604402e-02 2.250119369057386465e-02 1.870517065885787464e-02 1.656208504637173354e-02 1.944029366795194114e-02 3.269762563944605266e-02 3.573846212389177046e-02 3.619056116258567019e-02 2.346256238584903953e-02 4.085962918877702327e-02 1.897549896097904323e-02 1.964519011134046103e-02 2.057535159187199106e-02 3.073699757673711841e-02 3.938515675063618965e-02
3.663828775636105567e-02 2.735218722574893693e-02 2.567881834589900991e-02 2.950529991623201953e-02 3.001779368112923382e-02 3.206315414647047113e-02 4.100945921232149877e-02 6.264189228609677584e-02 6.274246492139486098e-02 5.794309395264767709e-02 4.833523076999054341e-02 3.030586690138750705e-02 2.604458762542902206e-02 3.204354963961873054e-02 3.882534048658787401e-02 4.913732910716007291e-02 5.923387076719684868e-02 6.043865309578334150e-02 6.612215540848528916e-02 3.236545637544884640e-02 5.138849018477856939e-02 3.216303408318917784e-02 3.941400178246242531e-02 2.858998232818021901e-02
2.596025841504962309e-02 2.948509975488061360e-02 3.688328965639229434e-02 3.254387321440877640e-02 4.047566892282208895e-02 3.889000699199565703e-02 3.650293070149407404e-02 3.503681180439739695e-02 6.058135573677769087e-02 6.079430147108417365e-02 4.928238006412258981e-02 3.318197155231102785e-02 2.632932424954703698e-02 2.799724201849623784e-02 5.691227996648146048e-02 5.889704360712021830e-02 7.216307808218118403e-02 7.676157671015206019e-02 6.800266384583576740e-02 2.534071758307554836e-02 3.460949301074819212e-02 2.794419913750904524e-02 2.757245074340797589e-02 1.785198275970924925e-02
3.009333669542066381e-02 3.562557283464166252e-02 3.690067089992988408e-02 4.766952221025699127e-02 5.151210876988460141e-02 4.461546603274827577e-02 5.095660264298784020e-02 5.456300224429470186e-02 3.672983076581407685e-02 2.615541834441786895e-02 4.053853523714501250e-02 3.648113535096625393e-02 3.482189698574106318e-02 3.020993265548629556e-02 4.074591263561209292e-02 4.593234787763253446e-02 5.868608200436311456e-02 6.014064119331807845e-02 5.326014351389193879e-02 3.944187041573987001e-02 4.214770694483020025e-02 3.555799007502002257e-02 2.308667719504003957e-02 4.412759647481689917e-02
