5.438672488426608137e-02 5.035467493058663063e-02 4.495434153643821512e-02 3.369563481747495787e-02 2.310045098699799529e-02 2.233166508005944920e-02 2.619801486469413090e-02 3.129906354018693881e-02 2.840722002406430649e-02 2.497009389417608263e-02 3.449243460775026915e-02 4.127519125669702055e-02 4.440590417810538065e-02 4.293828748109878440e-02 3.292798379838885597e-02 2.898303603687989519e-02 2.287318293778835276e-02 3.817333378162070939e-02 5.488941440949113293e-02 7.356950817622025240e-02 7.208584758506522694e-02 6.339458218982457760e-02 5.699951683986814732e-02 5.329389216225659948e-02
3.444143114412542145e-02 2.922003845502774144e-02 3.337914197027588847e-02 2.868473619882208614e-02 2.310809790257997709e-02 2.327738364590712164e-02 2.528439251819132941e-02 2.594808854088210756e-02 2.935344246371015056e-02 3.663704728651814152e-02 4.408910780378550581e-02 5.160005006705187247e-02 5.436173235484507288e-02 5.022092117805353889e-02 4.584384227610755619e-02 4.577741846480532645e-02 4.871506742029289155e-02 4.345844219109386980e-02 5.496938501200718946e-02 6.219428435357152174e-02 6.059016246064680145e-02 5.878981266749178092e-02 5.246386191880090394e-02 3.759211170540621011e-02
3.429317767819778373e-02 3.343519298479642049e-02 2.851650241919241949e-02 2.610321544227900414e-02 2.350239917232548395e-02 2.594669641881830469e-02 3.765852033607473837e-02 3.718365553719175931e-02 3.767097304894146542e-02 4.034862114881255374e-02 4.324308614420471070e-02 4.694079316815951558e-02 4.824714623626802368e-02 4.516956071193944239e-02 4.310172055743301950e-02 4.168197473511086465e-02 3.536923182645889535e-02 3.260191688534221782e-02 5.008571841617642795e-02 6.169848048494866455e-02 6.776685281092169333e-02 6.167626609168821994e-02 5.458124382184355999e-02 4.317705392287479738e-02
3.319056186824110438e-02 3.338395783662864019e-02 2.422482672604442736e-02 1.790428259364799934e-02 2.047654768826294436e-02 2.047088938669707966e-02 3.003657112533886231e-02 3.819222452229001363e-02 4.607451699524244687e-02 5.012536613895967469e-02 4.500534120784156072e-02 4.559898147459207074e-02 4.595986118988907437e-02 4.675120689717487954e-02 4.688337825782413343e-02 4.361283485355203077e-02 4.117161791966432449e-02 4.191195789416082146e-02 4.586913849140213800e-02 5.968811658425796779e-02 6.076881815195205733e-02 5.651462631921775476e-02 5.679333532047647903e-02 4.939104055664150783e-02
2.859890856284426700e-02 2.887285996193444948e-02 2.684628560300890074e-02 2.008599545822226454e-02 1.756217293757380768e-02 2.138390850134807078e-02 3.092574830292444191e-02 3.843699485272197847e-02 4.888329848850313936e-02 4.884572889748198948e-02 4.729458198003429897e-02 4.595999563581831121e-02 4.592501430941415413e-02 4.732221536572930182e-02 4.484079541746902736e-02 4.463921508721552939e-02 4.483454988287318560e-02 4.660596107476420308e-02 5.168030026446244346e-02 6.047167363299632559e-02 5.928128162019150049e-02 5.420147541258894114e-02 5.105746471327473474e-02 4.544357403660470585e-02
3.533877634797511630e-02 3.292009585984525394e-02 3.005757469972687376e-02 2.784418645123027877e-02 2.705774710290727650e-02 2.983980701439560915e-02 3.065496785405290650e-02 3.952148852783462368e-02 5.375327093739998285e-02 5.278748662674800224e-02 4.991812617087293402e-02 4.852313538779891994e-02 4.473074232036072795e-02 4.344847250188776239e-02 4.307193644475599409e-02 4.385102568368893367e-02 4.021733255165075432e-02 4.113239153096012735e-02 4.320819573041981970e-02 5.125437643900129098e-02 5.123722038181652283e-02 5.235039388277894917e-02 4.630819530246110816e-02 4.097305424943022828e-02
3.636195954698858562e-02 2.800332037366168314e-02 2.926658705779600078e-02 2.847214354102634015e-02 2.621964735142673364e-02 2.636064981792126186e-02 2.677723748687202074e-02 3.584642677241123981e-02 4.625998908377612628e-02 4.596003529807950877e-02 4.605062935583157518e-02 4.882369674793705233e-02 4.968757039333552422e-02 4.945189892242449203e-02 4.966966414880180647e-02 4.795879242646126223e-02 4.523746656209023248e-02 4.488057845765166393e-02 4.938679633790860057e-02 5.509410820872120279e-02 5.116461116066511883e-02 4.714041354970210235e-02 4.351461471531070657e-02 4.241116268319915922e-02
3.480964304555323602e-02 3.002207505453786951e-02 3.185072376023844604e-02 3.004041802841838846e-02 2.817144811644001212e-02 2.840559934369083286e-02 3.165674832309706838e-02 3.154883084254399978e-02 3.978774649088403365e-02 4.191691686365537489e-02 4.534564012734042943e-02 4.962014928258490221e-02 5.083533050393656411e-02 4.870891970001862276e-02 4.952750889639743331e-02 4.797857652356826014e-02 4.428810622482649145e-02 4.390289305451804819e-02 4.812231757108503122e-02 5.543853054741374603e-02 5.502636320987291940e-02 5.041234258512813232e-02 4.410013122407197006e-02 3.848304068017817381e-02
4.104842935857905967e-02 3.586530961405610257e-02 3.166701251689694324e-02 2.892575204996455929e-02 2.627923814687145240e-02 2.876234503467725925e-02 2.835025936706670260e-02 3.203434338275792936e-02 4.514703162594248947e-02 4.523818869970704787e-02 4.767289424855480212e-02 4.802552698448742108e-02 4.678473367991325266e-02 4.405245028039315308e-02 4.318434279324384617e-02 4.186897503704583440e-02 3.796341419845375431e-02 3.507866823664395478e-02 4.581108890101423525e-02 5.932836901370484167e-02 6.301685389798625248e-02 5.677847334124444534e-02 4.755951992838657744e-02 3.955677966240810778e-02
3.613986038711441973e-02 3.451875009798546085e-02 2.851012920729730990e-02 2.067231523091885015e-02 2.378599964412187948e-02 3.074696597352331515e-02 3.570137795379593748e-02 3.987097635901993425e-02 3.905489216565308924e-02 4.309691957535490697e-02 4.050535429524251829e-02 4.438125456634706145e-02 4.406764833120361408e-02 4.327539202141944541e-02 4.133208123307268583e-02 3.792882319295873966e-02 3.799786581517586997e-02 3.761465933120299726e-02 5.365779668277997905e-02 6.579460817747170842e-02 6.225527101080566977e-02 5.864223310730568017e-02 5.064286931680337528e-02 4.980595632342552787e-02
3.814710405025852763e-02 3.657689499158889301e-02 3.303486942725645387e-02 3.142660436896749926e-02 3.040348405657719230e-02 2.917777222146477126e-02 3.543892098448025996e-02 4.183254679645161817e-02 4.405507555667839692e-02 4.242415177478645744e-02 4.378778153635387582e-02 4.119348412940738308e-02 4.222697438812450521e-02 4.539777570257797629e-02 4.356064193261618284e-02 4.348879266620558903e-02 4.194927677241789415e-02 4.120602321333027146e-02 4.844481820886828438e-02 5.487871208969965359e-02 5.465210855888966851e-02 5.021952850708698984e-02 4.346164002083593991e-02 4.301501804507573690e-02
3.217665331117484234e-02 2.671474844528984316e-02 2.661149191672287570e-02 2.283935076420252550e-02 2.179466475854913154e-02 2.240292396148081677e-02 3.026063025809061502e-02 3.645316976538225812e-02 4.436558851716665419e-02 4.411530311515073771e-02 4.872911503785885140e-02 5.038612577956081556e-02 4.820174888920199935e-02 4.745464663835238101e-02 4.925804875245706760e-02 4.897718801367748759e-02 4.726064453244275404e-02 4.455703697837157945e-02 5.042751574400986675e-02 5.508147304537260730e-02 5.685211721706872473e-02 5.550120986807072221e-02 4.937234759686062735e-02 4.020625709348420868e-02
2.588762673496340649e-02 2.957874128078816223e-02 3.037406854576414281e-02 2.739708870453895842e-02 2.617752981248787705e-02 2.681107725025909730e-02 3.333359790009098739e-02 3.881246633393726359e-02 4.749396539331837697e-02 4.932295582639504433e-02 4.915150945323359943e-02 4.926107756111245545e-02 4.715115130131897897e-02 4.616226374324063769e-02 4.526210641143649932e-02 4.561749992405033510e-02 4.404145413182550262e-02 4.429976244127226820e-02 4.813824591947676174e-02 5.711591309917143228e-02 5.488433967110949857e-02 5.045505901326277631e-02 4.515518974325904988e-02 3.811530980368689481e-02
2.842411341742474840e-02 2.501486411143287458e-02 3.064504654903229749e-02 2.882791561707391884e-02 2.469623298866116534e-02 2.641329702896115864e-02 3.116571543764067379e-02 3.537723141382440734e-02 4.859938483938919945e-02 5.103072126270938313e-02 5.375914054513699497e-02 5.219635817014852547e-02 4.939380236284342945e-02 4.859150128291055831e-02 4.772763370799542465e-02 4.524819857436016002e-02 4.375393474272002564e-02 4.083657491328563510e-02 4.439513713281346280e-02 5.398701130074524263e-02 5.346118086644712636e-02 4.998077350100554178e-02 4.550506944659930136e-02 4.096916078683875140e-02
4.014957707630344846e-02 3.856790030079227521e-02 3.314003727021839346e-02 3.140750912582241511e-02 2.708246497721041382e-02 2.835987728811846867e-02 3.467224148763195513e-02 4.060057344274594499e-02 4.422145869703375531e-02 4.384099750267479029e-02 4.555031141495977792e-02 4.981028095226613245e-02 4.962665293235166836e-02 4.843533138316517134e-02 4.533725132392426443e-02 4.314043467403159277e-02 4.104661254205400206e-02 4.073376313134494803e-02 4.839350228484556871e-02 4.976733597469781833e-02 4.900476847296913324e-02 4.485530403457573673e-02 4.279005709128247403e-02 3.946575661897983728e-02
3.103091768854228730e-02 3.405439545581023797e-02 2.954170971377205815e-02 2.764636982039051297e-02 2.531051337092765641e-02 2.733295270924156542e-02 2.936712432448528032e-02 3.448350349354611238e-02 3.944591840802150889e-02 4.227753671599665530e-02 4.757680417049325872e-02 5.132984081252376513e-02 5.183511423809219337e-02 4.885556931858673485e-02 4.741779295784390169e-02 4.522366184643410864e-02 4.368959933657479144e-02 4.220557895062310161e-02 4.984516143371062885e-02 5.465747716548362972e-02 5.320017465995641182e-02 5.375574031607362885e-02 4.885292814965814384e-02 4.106361494321182637e-02
3.101082754562048405e-02 3.194093452421521012e-02 2.934258945455442760e-02 2.516525768088797785e-02 2.228213868763624650e-02 2.542457878258966644e-02 2.611274455539634720e-02 3.066773534723819458e-02 3.814842079961431459e-02 4.416552644024728663e-02 4.853464936827625587e-02 4.795480329796845270e-02 4.876289000379824268e-02 4.995592859885700926e-02 4.768802723109605290e-02 4.444658097917878609e-02 4.738225204740307422e-02 4.579589009007919292e-02 5.281257568230699612e-02 5.669520067762912757e-02 5.579631142368104979e-02 5.366129656603124687e-02 5.365824653404611261e-02 4.259459368164822402e-02
3.517712283435531218e-02 2.876820364398316107e-02 2.536217862797180214e-02 2.444705972828536619e-02 2.210579246830493214e-02 2.326086358169024773e-02 2.970767258311346470e-02 3.730644414477127246e-02 4.184049145961193927e-02 4.651883206270646109e-02 5.053461739943298364e-02 5.081221861491860836e-02 5.284384642829584311e-02 5.414113688531117102e-02 5.103952899095546419e-02 5.113828579706980459e-02 5.028635103391027039e-02 4.701058180345147469e-02 4.423161230878064343e-02 5.330673001898548341e-02 5.073661081707684511e-02 4.706272813471722855e-02 4.627964853442224219e-02 3.608144209787796791e-02
3.354251640564832188e-02 3.012292624078155567e-02 2.451417806598519059e-02 2.033955285651764186e-02 2.136074283440468971e-02 2.352623771738006700e-02 2.748205178226196740e-02 3.459320100978166557e-02 4.811175651492652361e-02 4.622155996096033448e-02 4.592816597020402125e-02 4.944892408273340173e-02 4.824912799134489783e-02 4.990885688000248205e-02 4.854777632057697551e-02 4.940588604892762886e-02 4.875028034624658696e-02 4.860668311100548727e-02 4.900503937255114989e-02 5.451623173135863171e-02 5.646876404458935766e-02 4.994211333926195512e-02 5.028169485709885894e-02 4.112573251545061093e-02
2.362872039002085131e-02 2.430409713887074843e-02 2.896733072917991383e-02 2.567038786872412326e-02 2.623793741466093343e-02 2.716173397950145604e-02 3.260787544438958907e-02 3.991371771367327459e-02 4.882827826427421636e-02 4.957656770175603023e-02 4.368346018402902847e-02 5.022292627715815166e-02 4.900980072983925767e-02 4.900157611155556842e-02 4.837184681496489724e-02 4.964183074178672023e-02 5.023524137518803334e-02 4.820807389892955291e-02 4.593633974031460093e-02 4.781828549236858544e-02 4.928369452650473853e-02 4.835893551742698193e-02 4.917702118557917834e-02 4.415432075930359607e-02
3.177581337077774182e-02 3.056509354813226678e-02 3.121243492622651980e-02 2.974766329336775428e-02 2.626851839103842498e-02 2.586167978236378687e-02 3.038866391363960820e-02 3.401013856523128764e-02 4.309317658338165935e-02 4.637985792481954389e-02 4.590987465037085768e-02 4.910098095107106458e-02 4.859429541743007924e-02 4.879386383447655712e-02 4.686780683004367759e-02 4.906996510067901385e-02 4.689199530965348223e-02 4.561498302133156629e-02 4.737419708144392089e-02 4.996521762733529409e-02 5.103292174964932371e-02 4.905131542882904677e-02 4.875282281646475813e-02 4.367671988224277463e-02
3.982672142465502191e-02 3.356354210847050518e-02 3.514447146291579255e-02 3.124344103154310173e-02 3.008244164789855568e-02 3.135380687440506714e-02 3.366802699695194828e-02 3.753913728346977563e-02 4.340954601047319894e-02 4.532285501787407939e-02 4.509170371756941048e-02 4.696743937169920585e-02 4.878356422727662262e-02 4.888459811117761705e-02 4.759131735700894428e-02 4.622646084911127135e-02 4.445786805078307674e-02 4.013703446527714519e-02 4.284194616387624471e-02 4.838726071071625806e-02 4.670058668009226949e-02 4.804889342283012038e-02 4.432065270082293645e-02 4.040668431310184827e-02
3.820778131677505379e-02 3.632827888333992755e-02 3.256580659324370686e-02 2.879425622308173782e-02 2.884955623195253893e-02 2.953320637617688413e-02 2.997363082559140190e-02 3.353711160301873356e-02 4.301657299401503293e-02 4.437210845553132138e-02 4.914745230130718179e-02 4.954331124850099716e-02 4.734767890784807171e-02 4.656758165984039438e-02 4.516062443994753317e-02 4.439048682016322189e-02 4.454496795643294454e-02 4.321150906714486123e-02 4.629927015212473990e-02 5.430042470611889938e-02 5.085415089671757594e-02 4.837341918296539367e-02 4.622970672239981593e-02 3.885110643576206862e-02
3.698779305882949481e-02 3.631329297281038482e-02 3.347070225313460851e-02 3.055818080243945245e-02 2.783454444329316879e-02 2.809546990018196508e-02 3.030345075057836943e-02 3.458842989083098923e-02 3.793508569240611888e-02 4.204441772361722229e-02 4.850625224701610172e-02 4.930228706117826404e-02 4.594184185427905437e-02 4.611435636681435885e-02 4.507996623890841298e-02 4.144545098923265586e-02 4.006840611541366559e-02 4.051128265272843643e-02 4.492255741531192559e-02 5.282245237684372180e-02 5.550296157949938941e-02 5.502995531112363919e-02 5.135968532774276563e-02 4.526117697578584814e-02
3.488543708861041592e-02 3.235220790009932929e-02 2.902725022456378867e-02 2.869073235184241635e-02 2.724101674936953502e-02 2.970987505791143624e-02 3.699732183469757463e-02 4.055419238585474678e-02 4.636519774968572011e-02 4.614968966246605492e-02 4.667274536432523130e-02 4.781187381386978880e-02 4.900486165180421155e-02 4.965476202953088974e-02 4.841120936342684783e-02 4.715183269489162804e-02 4.496240894463127136e-02 4.216721897830836424e-02 4.238038925963754505e-02 4.836335163718386010e-02 4.899998968692543394e-02 4.643657600937307200e-02 4.386003711011812051e-02 4.214982245087270374e-02
3.748691043713580501e-02 2.987055493619181212e-02 2.813354727784221285e-02 2.800026262723854728e-02 2.750564859062635051e-02 2.728976387240191273e-02 3.242000799796888183e-02 3.779879567523216494e-02 4.266820928984495914e-02 4.391820416439836533e-02 4.422680268569448292e-02 4.486550158130942628e-02 4.672762668136676290e-02 4.640310273709900152e-02 4.748922337690836271e-02 4.903152950720849473e-02 4.726540499373543813e-02 4.339981947626700420e-02 4.537531853718387159e-02 5.226857069793422461e-02 5.192807951049317056e-02 5.232604920637138474e-02 4.959351535656281867e-02 4.400755078298454470e-02
4.208537825808342236e-02 3.400689756544904990e-02 2.900227508639792451e-02 2.624972164850352188e-02 2.731732608889400615e-02 2.390663450570798543e-02 2.742421530935763851e-02 3.598726729591650991e-02 4.496161068885453499e-02 4.543490033442871417e-02 4.455054014766422071e-02 4.750533112640575872e-02 4.995867257462694583e-02 4.839387134978075794e-02 5.285184211866766901e-02 5.127584683890179518e-02 4.539283607622637134e-02 4.472766476448620382e-02 4.107507678302860926e-02 4.855672869372727046e-02 5.142318513540634212e-02 4.982597351830734406e-02 4.652463239954960500e-02 4.156157169162778137e-02
3.783026064673366412e-02 3.626580761128966185e-02 3.703892365137579495e-02 3.613702628782367726e-02 3.243615079694262687e-02 3.146110640308968226e-02 3.226079455569244581e-02 3.698976884349510635e-02 4.332443026466367697e-02 4.433721212923202870e-02 4.471094440954569843e-02 4.238932848269518633e-02 4.170262573091363528e-02 4.147938203920364247e-02 4.147403885221990355e-02 4.153772987508212028e-02 3.915513525943434270e-02 3.718853858125480832e-02 4.326658248286085334e-02 5.504971255881895703e-02 5.433068417809471667e-02 5.299455938638438640e-02 5.046774479331420094e-02 4.617151217983919698e-02
3.882322585974697787e-02 3.703907712813882258e-02 3.813354637200567360e-02 3.527116386030484246e-02 3.407697140763605442e-02 3.330114051166119249e-02 3.434650147801168729e-02 3.762308890863638733e-02 4.135504992918535155e-02 4.390313582713473856e-02 4.642501008983699468e-02 4.717307877380436110e-02 4.542591862274197173e-02 4.355253685086341031e-02 4.175533387117850298e-02 4.003524606872221198e-02 3.871928959072073323e-02 3.922210946850682167e-02 4.226440891791940352e-02 5.109122926662564707e-02 5.158096829620987395e-02 4.770641541876146502e-02 4.667202099568094203e-02 4.450353248596594646e-02
4.570300737364255822e-02 4.114452692580257420e-02 3.964742032056912252e-02 3.803250915739087717e-02 3.627265177593155809e-02 3.634042516049360710e-02 3.423872858345008291e-02 3.846879265990347380e-02 4.053449764463059463e-02 4.107405341990091191e-02 4.404381415279837175e-02 4.444621839380036299e-02 4.564330338466201370e-02 4.432440335534423154e-02 4.229425542954168282e-02 4.149789834388815241e-02 4.264243845051206988e-02 4.039536566910534310e-02 3.935015271687798688e-02 4.571879731538077557e-02 4.639480732974948785e-02 4.468719858836526365e-02 4.371827177621436661e-02 4.338646207204455846e-02
4.082287752325661212e-02 3.970337087523505976e-02 3.872251483201822470e-02 3.888855119728111542e-02 3.734326338642387361e-02 3.785846593394865539e-02 4.195527368806864499e-02 3.996154827564547124e-02 4.058335583292736748e-02 4.018969249937933558e-02 4.076206108889756513e-02 4.185030528065662031e-02 4.331231491542093109e-02 4.410230233673750194e-02 4.270443595077832305e-02 4.047324409075516577e-02 4.037435235073565803e-02 3.675688549015180412e-02 3.822331821537938018e-02 4.654439328496588063e-02 5.038557637817307061e-02 5.029826834961504539e-02 4.579152114684743174e-02 4.239210707670126865e-02
3.882260736453418265e-02 3.483756472626239886e-02 3.165081447568181966e-02 2.566948601882106107e-02 2.722182922113318068e-02 3.183131441593266275e-02 3.926823563004799844e-02 4.019274893967107048e-02 4.256222006504334354e-02 4.272539550938170977e-02 4.868322129812895777e-02 4.644272565497034599e-02 4.514563800641339247e-02 4.515851609465674349e-02 4.517800935610524066e-02 4.546628814472707808e-02 4.502652440121480276e-02 4.334919109985429370e-02 4.394137145136572248e-02 5.174329851300207145e-02 5.160950651953152835e-02 4.782685500660242145e-02 4.589525772656810609e-02 3.975138036034985695e-02
3.528690807306347765e-02 3.333646683943924244e-02 2.941173840631083891e-02 2.902586306715453091e-02 2.924778092235132132e-02 3.065854629837345968e-02 3.125611654469618444e-02 2.927259301599068053e-02 3.907171711524982244e-02 4.316154551336842671e-02 4.194152881185999465e-02 4.653631042682068036e-02 4.605704960680029325e-02 4.616183651181899467e-02 4.643579343325213160e-02 4.600718752722653820e-02 4.745923043979896616e-02 4.777425954920860862e-02 4.606493175112329891e-02 5.716333724276825151e-02 5.609661761848436234e-02 5.187819438132871414e-02 4.950350995599767101e-02 4.119093694751353035e-02
3.289202899475385244e-02 2.913207143904490704e-02 2.840439953319351049e-02 2.828045308739110530e-02 2.827585615789458481e-02 2.665886739499261429e-02 3.209322241202073461e-02 3.863547991412661503e-02 4.850688002955758776e-02 5.090214917866608263e-02 5.114860850504895917e-02 4.920284975981808334e-02 4.688666669031456985e-02 4.965417474336727283e-02 4.738042852784699749e-02 4.503197212594997612e-02 4.177096894421137435e-02 3.981156605261421816e-02 4.420284644280950831e-02 5.186284287030487605e-02 5.280215730023665732e-02 4.894690329302073262e-02 4.722440861208502400e-02 4.029219799073015945e-02
3.721458613942277283e-02 3.702355331054506954e-02 3.502243639426691479e-02 3.348491540751572654e-02 3.113480097591919682e-02 3.077311278243367518e-02 3.182584354866305199e-02 3.846728087464953288e-02 4.670890554804359857e-02 5.103286585623498239e-02 4.587154990049490538e-02 3.741698124250961155e-02 3.668590740706011155e-02 3.565780315629089869e-02 3.576488946913753547e-02 4.224303125836930545e-02 4.536597140508408926e-02 4.570774632485766903e-02 4.690267048810761036e-02 5.375199124221604480e-02 5.409449152319606435e-02 5.341813855308754494e-02 5.102266289275100147e-02 4.340786429914312433e-02
3.680825845260519980e-02 3.709421731211589440e-02 3.708649102486714227e-02 3.571768876794425424e-02 3.397954184578886455e-02 3.252538042625342102e-02 3.449638221337337357e-02 4.178738809472166277e-02 4.647713673400066803e-02 4.831608033004499564e-02 4.922377800391570385e-02 4.928257333840940085e-02 4.805070473940423192e-02 4.669780219025080475e-02 4.584822538951349724e-02 4.225931969668364485e-02 3.902274879207307673e-02 3.527947246460120395e-02 3.703100788725627313e-02 4.327142883385604738e-02 4.892158684896003029e-02 4.646784169169781292e-02 4.459025740008704802e-02 3.976468752157572700e-02
3.621639319933461082e-02 3.920066226388372460e-02 3.717351153468831382e-02 3.393496544349538374e-02 3.188324308874045804e-02 2.824838263731602531e-02 2.868143516531681050e-02 3.013860125208311924e-02 3.889605944860637099e-02 3.862504357190744281e-02 4.092732954074431578e-02 4.416513761868506860e-02 4.491710675422674881e-02 4.684004051753496572e-02 4.603937627900431262e-02 4.405746711250008857e-02 4.331795587571332651e-02 4.466862914302227594e-02 4.766103676077518975e-02 5.023343023988659922e-02 5.378928784505906252e-02 5.593953549745669940e-02 5.209540748179092989e-02 4.234996172822813598e-02
3.631001637757293177e-02 3.471491823877396327e-02 3.350495917749869018e-02 3.159594113328539206e-02 2.928253886486688329e-02 2.826353132068122262e-02 2.884370035921313483e-02 3.048419494396642504e-02 3.998561753015813375e-02 4.034414099416341881e-02 4.616867415434705579e-02 5.107231303771377767e-02 5.188599056643855567e-02 5.105954301822318575e-02 4.925319692999597515e-02 4.776836879858956109e-02 4.423759167308140977e-02 4.547327525297676504e-02 4.401218785341157180e-02 4.691354148283811282e-02 5.051435398022933315e-02 5.244550472008440573e-02 4.597570003106968978e-02 3.989019956082041213e-02
2.649456816780828075e-02 2.627935273978067310e-02 2.516912730819560740e-02 2.251326931041675375e-02 2.312088513224190220e-02 2.497550808930432131e-02 3.082703684870819957e-02 3.983091087263342794e-02 4.662775002616405956e-02 4.828506782626423854e-02 4.934682419259982938e-02 4.937300428471710911e-02 5.183014524411490992e-02 5.099132122990416432e-02 5.101167791299341531e-02 4.949361675037420444e-02 4.888699040830890574e-02 4.340675611445824617e-02 4.346236704792414557e-02 5.226029438158735774e-02 5.453627596615578943e-02 5.202396480802747719e-02 4.827583503410309840e-02 4.097745030321386928e-02
3.248559827188825938e-02 2.993847297407932831e-02 3.220712065563627324e-02 3.054570983781547747e-02 3.038083662572309621e-02 3.080832774334256105e-02 3.367007346249047822e-02 3.738743448251475449e-02 4.447878346688005635e-02 4.313948705870689765e-02 4.413827972827046725e-02 4.655131613230789611e-02 4.646144526017378235e-02 4.618550098495628059e-02 4.529789216750516184e-02 4.528866193483058189e-02 4.317440183442348284e-02 4.489846303226188717e-02 4.303298480463271097e-02 5.061742619852890174e-02 5.426142776280900443e-02 5.389086380185473951e-02 4.826613805376474969e-02 4.289335372460315737e-02
3.635207775698995336e-02 3.306645448919105085e-02 3.264444158544232977e-02 3.215500788004909544e-02 3.202758737791546600e-02 3.359415966938518461e-02 3.521877121172558439e-02 3.716620451767040784e-02 4.613652679770787607e-02 4.464173747122337360e-02 4.545862253193189845e-02 4.614064431986625997e-02 4.746355189594347185e-02 4.685803775737881760e-02 4.518559256457526513e-02 4.628462205353223169e-02 4.535739194863495222e-02 4.276766543120208430e-02 4.259610699308156306e-02 4.627536655604225224e-02 4.572386150662305360e-02 4.812920578658899662e-02 4.648751974153696870e-02 4.226884215576184878e-02
3.756766010046475729e-02 3.187163342559946877e-02 3.092868020554032094e-02 3.003758949618590482e-02 3.089669186033471363e-02 2.884814105709878132e-02 3.443443434746296800e-02 4.017644668682925774e-02 4.592254296434461480e-02 5.036283929623177474e-02 4.765931837142944882e-02 4.870311924272766740e-02 4.683389921928340915e-02 4.564703659538017072e-02 4.224691536118291985e-02 4.304031674052388734e-02 4.326573711809281880e-02 4.118912448977003760e-02 4.303602816013383375e-02 4.759071417145684796e-02 4.958779959894184935e-02 5.048990295361679287e-02 4.704082746048421360e-02 4.262260107688354421e-02
3.861618878384465159e-02 3.820608656705099665e-02 3.574828163103527939e-02 3.657043308884286303e-02 3.619435935124391129e-02 3.616683204308048655e-02 3.763453391067472092e-02 3.705038950581381746e-02 4.225945524171340062e-02 4.394750717062170103e-02 4.440281524983388101e-02 4.593509918851410023e-02 4.626654693005893826e-02 4.580600325542991819e-02 4.396949584232087010e-02 4.293367597954726028e-02 3.920991035814832409e-02 4.082514309447102946e-02 3.878615046109337716e-02 4.699798199577585184e-02 4.889762959891983535e-02 4.543758826303092441e-02 4.584961483188128989e-02 4.228827765705258507e-02
4.329257640890506881e-02 3.709268139327413089e-02 3.928519166110847061e-02 3.509848710258840765e-02 3.484150050005558469e-02 3.482329935236455620e-02 3.715325860581385892e-02 4.159484239181349130e-02 4.022184802491530348e-02 3.483939959167910161e-02 3.884759326511919714e-02 3.929982618265392275e-02 3.821372661473613347e-02 3.787925155836319863e-02 4.413552934374444930e-02 4.315563182726933622e-02 4.623061831358912105e-02 4.692311663998424004e-02 4.226630865312148294e-02 4.737562237397166531e-02 5.067308411342733021e-02 5.094661742787439523e-02 5.069842582226732203e-02 4.511156283136019685e-02
3.950684196572640944e-02 3.889631932688684263e-02 3.555843983647322820e-02 3.243412308774285685e-02 3.233029467631147458e-02 3.011173792696724208e-02 3.647660559080916770e-02 3.529044854460153952e-02 3.657525224319523732e-02 3.929101745335797369e-02 4.462750256239253477e-02 4.573672352246301726e-02 4.532429168680653792e-02 4.595099283258716194e-02 4.017205059373116921e-02 4.392097926131218605e-02 4.085591405533394588e-02 3.996516031597003443e-02 3.852858741786537727e-02 5.280251831499827714e-02 5.439112571179068739e-02 5.432512609535717490e-02 5.270113586652766524e-02 4.422681111079227595e-02
3.545790233806021124e-02 3.242127007076461842e-02 2.899157169934493683e-02 2.747374549250491613e-02 2.646348981288791299e-02 2.867167760968273790e-02 3.424579940618974888e-02 3.678306703586029652e-02 4.159636903491836096e-02 4.259131607082122795e-02 4.556626457725140855e-02 4.638815766212214114e-02 5.013254467015158117e-02 4.894322695383961780e-02 4.685078298639866468e-02 4.434734778625737395e-02 4.423273574148050419e-02 4.573444829600527978e-02 4.647310058307041469e-02 5.183244226864230919e-02 5.275035217448115904e-02 5.020440475452622037e-02 4.939759527093087743e-02 4.245038770380751836e-02
3.436488867951215803e-02 3.071064679358914695e-02 2.957280080138861844e-02 2.551002554511285977e-02 2.408044681524454042e-02 2.578131950433968853e-02 3.276070619420573538e-02 3.852282364841518036e-02 4.154397613761062064e-02 4.483039222443130356e-02 4.351072729640297759e-02 4.737611373360412631e-02 4.771835001097321505e-02 4.835106395996161682e-02 4.746002634952661142e-02 4.849768325079793080e-02 4.749338908203980941e-02 4.547333226599537676e-02 4.688719958642567631e-02 5.179050564077373325e-02 5.213697254404864312e-02 5.218857130109811476e-02 4.953542261889457704e-02 4.390261601560774274e-02
3.621874691824674558e-02 3.169129147415127717e-02 3.127360846573600667e-02 2.993578149701733859e-02 2.922342341734460169e-02 2.853874832324996766e-02 3.408593995367380919e-02 3.939807010350473288e-02 4.753210273965820937e-02 4.583737057727862996e-02 4.678523642174958752e-02 4.792583010877245892e-02 4.642190670163896110e-02 4.554834740083088529e-02 4.702862224896279392e-02 4.525925942123223966e-02 4.489553679287511950e-02 4.272901071295674008e-02 4.215966073794883556e-02 5.455527016798463608e-02 5.316828452125483412e-02 4.792226502891067108e-02 4.545932176720210438e-02 3.640636449781881057e-02
3.607837250226213210e-02 3.515593429156436273e-02 3.355205814765330197e-02 3.202747572299707163e-02 2.637322085671534033e-02 3.152061422944005264e-02 3.242246092521158113e-02 4.250438279757190463e-02 4.825614710827186987e-02 4.660082315032357259e-02 4.663629997413291234e-02 5.110020850231209583e-02 5.273270971927740414e-02 5.040034466524804385e-02 5.050461246062848408e-02 4.894787828483992964e-02 3.849782866864274317e-02 3.905011393417729543e-02 4.166519246063919019e-02 4.619074283962138622e-02 4.872124904070157525e-02 4.515334317438982753e-02 4.282795033731617851e-02 3.308003620606175116e-02
3.193164754614479656e-02 3.221446037852377514e-02 3.066763261951115094e-02 3.010305724554969767e-02 2.928257045739680875e-02 2.853386520200223986e-02 3.204430670289099697e-02 3.699418263083482233e-02 4.384800027028584735e-02 4.486709834721303025e-02 4.860473387349200508e-02 5.035178458210973901e-02 5.089555736917632939e-02 4.862103581146240416e-02 4.179021122973108210e-02 4.155178081370766024e-02 4.072783876107063245e-02 4.173438857504727789e-02 4.032681962036655660e-02 4.900081298841063582e-02 5.739676129948522582e-02 5.309038566599878078e-02 5.118964271960050466e-02 4.423142528998798978e-02
3.884115787484055532e-02 3.444928638580673635e-02 3.022976942207775131e-02 2.865796993327666617e-02 2.755824913863351780e-02 2.720627487218221785e-02 2.456855100829689539e-02 3.304549552910879956e-02 3.966966342278824970e-02 4.553996206568425992e-02 4.510733563459500689e-02 4.790347638234179750e-02 4.905743060013342816e-02 4.666164602320236471e-02 4.138540493771413614e-02 3.998390695868799666e-02 3.889094502037423323e-02 3.807352375402377892e-02 4.059643933305409624e-02 5.650626782917128610e-02 6.475601451600816738e-02 6.053576202872865825e-02 5.544713311668846706e-02 4.532833421258095075e-02
2.964516792315629104e-02 3.119751773018685295e-02 3.326841670467722140e-02 3.271614585520721263e-02 3.231784733891968076e-02 3.262947496643330697e-02 3.401420792771799734e-02 3.237849492501524568e-02 3.633260403667912947e-02 3.863527456837016066e-02 4.072511067833433501e-02 4.330594140898764294e-02 4.644213927288982219e-02 4.614307269403402495e-02 4.627124230645204839e-02 4.445840485776275663e-02 4.392400333673403962e-02 4.719918831989797225e-02 4.780543705554814865e-02 5.547311381909481032e-02 5.664101245222393638e-02 5.386530227128353415e-02 4.955695625780701802e-02 4.505392329258683243e-02
3.498051280779255340e-02 3.519581950286532895e-02 3.498749596276668622e-02 3.192851880341285309e-02 3.129488664816545973e-02 3.280768926597523588e-02 3.503196993692590105e-02 4.097867862689563018e-02 4.385697968317491674e-02 4.559998352730607052e-02 4.451707927091788641e-02 4.437806477014413081e-02 4.599276105976145973e-02 4.637467898973824526e-02 4.674887829894732588e-02 4.487601842120070988e-02 4.398928923853706596e-02 4.054128969384720310e-02 4.022826907646554623e-02 4.926598974507991752e-02 5.040621771981065868e-02 4.861553107785932665e-02 4.652358147519555787e-02 4.087981639721432331e-02
3.813222052834657622e-02 3.595935433537866821e-02 3.472004448717050384e-02 3.448249218520305776e-02 3.439096544518882581e-02 3.284664426093959061e-02 3.767385213485714007e-02 4.050249055453996466e-02 4.425794604317554587e-02 4.326094219674642832e-02 4.165939074002986825e-02 4.321958725207693947e-02 4.458722064783179895e-02 4.774573290964437972e-02 4.513222418457202290e-02 4.436679315949707686e-02 4.474052582610887896e-02 4.328618853424581053e-02 4.018960246975006312e-02 4.849349100351835889e-02 5.033919485973584185e-02 4.727724155437668108e-02 4.455009580567124289e-02 3.818575888139472130e-02
4.100853459812123930e-02 3.627682222152878860e-02 3.030031391095450513e-02 2.700307943515844675e-02 2.865901461353831392e-02 2.884502399814573362e-02 3.276804918969027786e-02 4.114252448620544372e-02 4.571746445799577258e-02 4.602147265644799395e-02 4.403819780351617141e-02 4.739213451227069357e-02 4.552103647279345799e-02 4.549963188076876913e-02 4.535905171501580097e-02 4.500074572434343417e-02 4.448533605584544665e-02 4.498027019109715474e-02 4.227906493284979556e-02 4.922154196486450833e-02 5.361999554627627090e-02 5.299044486650975050e-02 4.375353507679263093e-02 3.811671368926960318e-02
3.848559295399529151e-02 3.566748357543943898e-02 3.585353910602052246e-02 3.125977992236406849e-02 2.803478574488491373e-02 3.067516271312485318e-02 3.483812258381416282e-02 3.863997062553547329e-02 3.891172834885205795e-02 4.013063261273800558e-02 3.860569107844785686e-02 4.110857024972994905e-02 4.229121855457834006e-02 3.908543349726227578e-02 4.006618910983669041e-02 4.119140340198548106e-02 3.787081530133152435e-02 3.863146524767147733e-02 4.462214107866313562e-02 5.760724402379676506e-02 6.239888233818041696e-02 5.821487849911340801e-02 5.440171832737769608e-02 5.140755110525616761e-02
4.399860812257661707e-02 4.456809294073102445e-02 4.026499747821060682e-02 3.585466262569523416e-02 3.741363199258960354e-02 3.663159258586792116e-02 3.492578648711251732e-02 3.808186002841693757e-02 3.884922580440109546e-02 3.516409983363638636e-02 3.831391885701589811e-02 4.425967134837846539e-02 4.307895974758838703e-02 4.480972124233875004e-02 3.822337748268168217e-02 3.752653519770405427e-02 3.891625308382399423e-02 4.013857966714234893e-02 4.241468386710749855e-02 5.318530424291519759e-02 5.256923764149443873e-02 5.014435782376766571e-02 4.809211863121562458e-02 4.257472326758806463e-02
3.651584112592196063e-02 3.224385154442612617e-02 3.061400933291729201e-02 2.883724065249372928e-02 2.637376208795463861e-02 2.629250932933755933e-02 2.577516728920580327e-02 2.976406639753310587e-02 4.177529807714833177e-02 4.183524578528915322e-02 4.797488936339833199e-02 5.257004628855897060e-02 5.199879901960946516e-02 5.346100669715898174e-02 5.148975616528415206e-02 4.909455411013394915e-02 4.480054935988870418e-02 4.758287218903680532e-02 4.589132682422656512e-02 4.583183286896747727e-02 5.146645149944620995e-02 4.651514889301603534e-02 4.893886242443964280e-02 4.235691267460700571e-02
4.199197245866848061e-02 3.501901428306453123e-02 3.119868202304236504e-02 3.040656214622633816e-02 2.561508313462193542e-02 2.392572785079823128e-02 3.046671418527979736e-02 3.236285533887250238e-02 3.243746398656751490e-02 3.806300358952507262e-02 4.051204424524426639e-02 4.316082886812914327e-02 4.855088034734530295e-02 4.872703841685679937e-02 4.293578637963910843e-02 4.446625886268737449e-02 4.223460840433097135e-02 4.285630379101506432e-02 4.567890295296576225e-02 5.148894867174219625e-02 5.709512240295210733e-02 6.023698854290678723e-02 5.791455329164196114e-02 5.265465582587641746e-02
3.550512034362913322e-02 3.205440763439802027e-02 2.912826740230933797e-02 2.495792170334052915e-02 2.373619587061398528e-02 2.404759976739132346e-02 2.887818443605576213e-02 3.376761146304805422e-02 4.488127069534026542e-02 4.462189500038996059e-02 4.584116304872837971e-02 4.809263226849253003e-02 5.085829232381355175e-02 4.515224279805073876e-02 4.468333876908286290e-02 4.522243864599493485e-02 4.499972509960329520e-02 4.452257822242589036e-02 4.666309937285878506e-02 5.391301978681265622e-02 5.748361591434299894e-02 5.615206556549431904e-02 5.063004251108830372e-02 4.420727135669436786e-02
2.560200858876827620e-02 2.741252720790718356e-02 2.790408612850664785e-02 2.461077305227468703e-02 2.312976141254588502e-02 2.313178866546418411e-02 3.091133773630376849e-02 3.619508913103201136e-02 4.456107155148778670e-02 4.515347236381326429e-02 4.619929495261080460e-02 5.065545966172768644e-02 5.076768568968221401e-02 5.040715723356451600e-02 5.032272691384187535e-02 5.131768224103757520e-02 4.781817947961366361e-02 4.497658654256486699e-02 4.425757779378775014e-02 4.868794544082732240e-02 5.533138371739571709e-02 5.381654758179598569e-02 5.187089579453971894e-02 4.495896111890660546e-02
3.504793912039320253e-02 2.985038398153100347e-02 3.228491234678183136e-02 2.578957407031580440e-02 2.211291026827783002e-02 2.449926278581085470e-02 3.084800901905002113e-02 3.589655516267493268e-02 4.400877458960581606e-02 4.452308299019097637e-02 4.556556605198212179e-02 4.726136524668448496e-02 4.795304744457742907e-02 4.840298567193925677e-02 4.716795681733626511e-02 4.856628587411541270e-02 4.330682818369537695e-02 4.233137933485960763e-02 4.246150648831168578e-02 5.492028263471355337e-02 5.951466468226701556e-02 5.489982578794207896e-02 5.150429636996661092e-02 4.128260507697681381e-02
3.232683955503155154e-02 3.085019233152683574e-02 3.395391202542853010e-02 2.941812432169087568e-02 2.731148513393326718e-02 2.929370849077763891e-02 3.616843944659053900e-02 4.139211770545195290e-02 4.536953048804823890e-02 4.326987403941562338e-02 4.538678012060318179e-02 4.679673845066933957e-02 4.968990054044405275e-02 4.809782266541751811e-02 4.718271617810563395e-02 4.342651635555324491e-02 4.291753623700685777e-02 4.184615090318518499e-02 4.096687023049245396e-02 4.646980163057626984e-02 5.411284015889464283e-02 5.277245239394051657e-02 4.834058893483773184e-02 4.263906166237831780e-02
4.352574590401358384e-02 4.098763472977754591e-02 3.788449897586287224e-02 3.309435285408077881e-02 3.158686396119237544e-02 2.928147458352191659e-02 3.488802173600757256e-02 4.564045760720326222e-02 4.480666087298900563e-02 5.203726443148257164e-02 4.810034628478593310e-02 4.692250708194361380e-02 4.355511315909971898e-02 4.283175190058161746e-02 3.891547910709546726e-02 3.961446124688156045e-02 3.806098805959515219e-02 3.326061057879048377e-02 4.143931899046790490e-02 4.740878256418296077e-02 5.457559431255739474e-02 4.822622012191990493e-02 4.461649391758465422e-02 3.873935701838213813e-02
4.443850669766759992e-02 3.664118189892295180e-02 2.945914529827269382e-02 2.736457575598294500e-02 1.985510081762152657e-02 1.819584476291011971e-02 1.904768460991277876e-02 2.307212585289150630e-02 2.894761659691620984e-02 4.248449854002658843e-02 4.667936479803200950e-02 5.378044068719031734e-02 5.781368449810800336e-02 5.221866001865441143e-02 4.601246059886079237e-02 4.319367020480804897e-02 4.461043828862065741e-02 4.727270712506675965e-02 4.846910992899162302e-02 5.580916132091171683e-02 5.725218724833371770e-02 5.878762234271966980e-02 5.261444019851099080e-02 4.597977191006636516e-02
3.235229010080773598e-02 2.144762177667958181e-02 1.931784038371778950e-02 1.883677782832791914e-02 1.622607207680701671e-02 2.134681499817267514e-02 2.274137014969716472e-02 2.575116503853172589e-02 3.078535362942953421e-02 4.116897536211865799e-02 4.799642676293677107e-02 5.073643996507706810e-02 5.526150538888394831e-02 5.144185656906014037e-02 5.120480748726410208e-02 5.253970836553950585e-02 4.999025141563165353e-02 4.740907275573411767e-02 5.259976131489344647e-02 6.166780811937309231e-02 5.716350730026514837e-02 6.441456848617967135e-02 5.905649915135536415e-02 4.854350557351618661e-02
