7.889629875557375993e-02 3.129515867889746256e-02 3.095240902157377853e-03 4.664658763865106930e-03 6.234076932459754229e-03 7.803494794167482873e-03 9.372912655875212384e-03 1.094233051758294190e-02 1.257008451369599246e-02 1.344841942641518406e-02 1.477770625317803566e-02 1.497214980496515413e-02 1.500161094917532197e-02 1.508881593603742487e-02 1.509146743901634141e-02 1.431811240349938931e-02 1.359926048477125109e-02 1.508881593603742487e-02 1.211323071024195258e-01 1.751532198937063300e-01 1.552803696634688924e-01 1.133033381449708443e-01 8.103761066925703471e-02 5.783253937880675905e-02
4.705582970426847034e-02 0.000000000000000000e+00 0.000000000000000000e+00 0.000000000000000000e+00 0.000000000000000000e+00 0.000000000000000000e+00 0.000000000000000000e+00 0.000000000000000000e+00 0.000000000000000000e+00 0.000000000000000000e+00 0.000000000000000000e+00 0.000000000000000000e+00 0.000000000000000000e+00 0.000000000000000000e+00 0.000000000000000000e+00 0.000000000000000000e+00 0.000000000000000000e+00 8.202976261753566756e-02 1.607528984330408584e-01 2.043749189654534559e-01 1.878417849553011276e-01 1.433295187454187991e-01 1.075925225245072947e-01 6.702276405447432639e-02
2.495286234591757510e-02 0.000000000000000000e+00 0.000000000000000000e+00 0.000000000000000000e+00 0.000000000000000000e+00 0.000000000000000000e+00 0.000000000000000000e+00 3.656732393727035735e-02 4.739363141304527710e-02 4.386634657969216977e-02 4.509567914900233093e-02 4.691603123073562892e-02 4.784887288360936686e-02 4.577279559833034861e-02 4.650889319104869329e-02 4.588719834629104849e-02 4.294637244870976728e-02 5.090903858190795606e-02 8.511011253917885599e-02 1.128561468769375964e-01 1.002431376097028815e-01 7.566079484414513223e-02 6.646305221263001939e-02 3.500171021184499132e-02
2.985801213038430379e-02 0.000000000000000000e+00 0.000000000000000000e+00 0.000000000000000000e+00 0.000000000000000000e+00 0.000000000000000000e+00 0.000000000000000000e+00 3.740365038417015758e-02 5.638945131548662310e-02 5.963488833527393063e-02 5.265719874273121909e-02 5.338742207218336727e-02 5.427991725262487632e-02 5.427991725262487632e-02 5.444218910361423719e-02 4.989858291035128429e-02 4.446247590220754609e-02 4.381338849825008180e-02 7.643001927823396546e-02 1.028803309895005014e-01 8.243407776484047711e-02 6.336714090802933463e-02 5.452332502910892109e-02 2.985801213038430379e-02
3.809608135737542652e-03 7.739289651133739699e-03 1.166897155296589030e-02 1.559865268192613466e-02 1.952833535663019496e-02 2.345801648559043759e-02 2.738769916029449442e-02 3.739462513210472377e-02 4.433933985897964974e-02 4.179294332558004810e-02 4.473999665619287497e-02 4.520742958627497338e-02 4.284949013897195597e-02 5.303507627257037643e-02 4.882304184938577457e-02 3.792883419505568843e-02 3.599974591217720149e-02 3.531714544285096541e-02 7.554604025374805909e-02 1.081773105156695614e-01 1.005499860450055072e-01 7.750480681790158921e-02 4.098569407489858346e-02 2.061792089835403144e-02
2.585870613753337918e-02 7.834789425282146294e-03 9.911322630080555626e-03 1.340990777924014853e-02 1.418648261859402869e-02 1.079197356404400406e-02 8.308991432373249997e-03 3.534839790893272438e-02 4.847547773925949682e-02 4.716481317964002495e-02 4.194372038728436808e-02 4.330843858919423278e-02 4.049623651898561633e-02 4.220019985485776864e-02 5.330588137282408351e-02 4.817143721512546356e-02 4.882534355729099135e-02 5.553991703149972065e-02 9.677828733716443976e-02 1.041103664342896001e-01 6.863584661755676997e-02 5.900106123211798503e-02 4.524017859723631491e-02 3.115222283959288505e-02
1.648723120693349614e-02 2.027845224121874873e-02 1.522990594392079587e-02 1.517072235562846871e-02 1.504051846138534931e-02 1.504577922478911138e-02 1.967086333969252435e-02 3.905064500111490172e-02 5.177083783793027388e-02 5.166901713169416016e-02 5.211920656428772197e-02 5.514308371156775856e-02 5.122410858837647685e-02 4.589011064737552603e-02 4.794653019233616198e-02 4.681787925567117842e-02 4.347433431225884021e-02 4.704199260527275328e-02 5.895748033497356239e-02 7.832179562056867939e-02 7.644982456079230104e-02 6.069363682430969908e-02 4.755756752461348658e-02 2.894847651328802049e-02
2.356827134042280975e-02 2.643766628723199022e-02 2.665838897544808156e-02 2.727150755382611036e-02 2.533405284615153699e-02 2.312682596399063054e-02 1.863225974186791603e-02 2.746770549890708082e-02 4.334338581549453812e-02 4.483121682614422954e-02 4.898407333035808414e-02 5.725708668127230117e-02 5.492649352871308011e-02 5.302248103327470569e-02 5.114552069200009599e-02 4.983426442570895037e-02 4.695669456452140206e-02 4.716597237260776454e-02 5.856507298181209270e-02 7.248174066026634443e-02 5.773123171521797603e-02 4.591030552408956189e-02 4.087456167322567335e-02 2.847321996744704709e-02
1.995334711293982738e-02 2.501833632020084019e-02 2.523105530295200599e-02 2.526444444577382806e-02 2.528809508860595245e-02 2.528988279896120239e-02 2.525053230293140133e-02 2.410695416128399993e-02 2.470424882731881572e-02 3.263231297643205686e-02 4.375884136966178006e-02 4.464794786919742270e-02 4.498629118312521408e-02 4.702673880001433104e-02 4.712637756705178455e-02 4.198127296654219354e-02 2.450762387514586471e-02 3.632737811538034461e-02 7.886513679561957257e-02 9.612731435973960459e-02 7.384722627973733244e-02 7.454680765733059933e-02 6.838094594956749261e-02 2.513088787448653980e-02
2.836232336174774465e-02 1.250916816010042010e-02 1.261552765147600300e-02 1.263222222288691403e-02 1.264404754430297623e-02 1.264494139948060120e-02 1.262526615146570066e-02 3.213319807791223393e-02 3.567050919497639222e-02 3.749204119795192941e-02 4.056402422987208378e-02 4.105840310293380063e-02 4.107809789001601319e-02 4.214814732175446721e-02 4.239726919844877262e-02 3.942611191184282327e-02 3.068928736614465885e-02 3.704759509590694472e-02 6.569066495346652379e-02 1.045160745314009099e-01 9.716277786173571629e-02 9.382547242678418442e-02 7.699067300390059765e-02 3.807615614349159350e-02
2.429967998787020342e-02 9.156218618193200445e-03 9.198976745677864275e-03 8.991510406449189710e-03 8.971938110295540544e-03 8.967793676585004981e-03 3.648274779771606188e-03 2.963366563002794302e-02 4.353787140617779161e-02 3.238724597503124525e-02 3.098644165934191785e-02 5.006227181692239625e-02 5.061296407574720352e-02 5.269153337917472507e-02 5.214968171378321637e-02 4.987430238799513832e-02 4.859336739473352207e-02 5.293546453404872343e-02 8.072649320216129798e-02 1.052254156547309666e-01 9.740509768292793247e-02 7.356258027063332372e-02 5.245793796230893702e-02 2.392327292941109212e-02
4.444950031896206799e-02 4.843713009576770291e-03 6.968740736238354314e-03 7.497989520117029349e-03 7.166752674553771539e-03 7.000678145644066881e-03 3.487564109059748500e-03 1.552157697900004296e-02 6.725444955356033039e-02 7.007065088373737316e-02 2.998921944761157726e-02 2.714679001050317522e-02 2.539661997507013796e-02 2.513564609556214260e-02 2.635793599818208113e-02 2.563934428655355313e-02 2.171104559110171098e-02 7.694961626347558703e-02 9.832570499027787347e-02 1.044350532838619894e-01 1.106850553435127782e-01 1.135381331330075072e-01 6.672707500795591051e-02 1.370114464287443788e-02
1.084127513977496855e-02 1.337648608303150521e-02 1.382943933459547352e-02 1.740224675138526966e-02 1.952284238106281183e-02 1.850203990030113016e-02 1.869507587735508639e-02 2.071941590334721792e-02 6.676908336166362257e-02 6.725589320896516177e-02 5.920873437479839269e-02 5.690037171038651864e-02 5.794633729090071378e-02 4.996347921228831007e-02 3.810284847640870581e-02 3.705866489819999859e-02 3.433011552125631027e-02 3.707454052098850539e-02 6.360886625309497555e-02 8.639608111347442387e-02 7.016879782594208359e-02 5.874945678753076828e-02 5.412103769492939559e-02 2.945687037831865029e-02
4.119046946990847363e-02 3.763004423221669864e-02 1.036849567405688337e-02 1.234099897435268593e-02 1.157700124104455580e-02 8.104876049525885570e-03 7.383142020613524432e-03 2.387069773726110955e-02 3.731004659561754089e-02 3.735829448396038588e-02 3.642865754003184880e-02 3.690605025600951494e-02 3.617044519528015561e-02 3.302035883304263453e-02 2.974634275689362964e-02 2.646452470909239560e-02 2.451169107539067846e-02 3.015329527445230126e-02 9.002585196865076078e-02 1.181371772501070838e-01 1.116631521698171065e-01 8.586637567000972304e-02 6.326218022122873097e-02 5.050983060143570541e-02
5.459960375442762803e-02 1.821557501162301626e-02 1.792517996542407691e-02 1.474755369238740267e-02 1.256725623734804981e-02 8.746913364000734326e-03 7.254793061774149864e-03 1.739696177069491659e-02 3.068168280391350700e-02 3.179872961232890760e-02 3.450789540928310417e-02 3.280373447207991094e-02 3.261010345242700004e-02 3.164370614001857374e-02 2.901607872247871645e-02 2.803919127937876121e-02 2.661011256020041557e-02 3.032677537137469514e-02 4.549735410601101621e-02 1.326081435834236821e-01 1.294660330352637723e-01 1.078560890832864078e-01 6.713481218363855085e-02 5.794572132721301921e-02
2.864917658604859696e-02 1.740851287971545772e-02 1.900398566184901064e-02 2.126783057283887848e-02 2.212254813469613848e-02 1.989720401478092121e-02 1.740235275314351224e-02 3.111534899031672546e-02 1.801506482104927448e-02 2.168573130852792172e-02 2.679741454440932175e-02 3.030052056233566160e-02 3.380362698131190308e-02 3.462576668955096720e-02 3.347069484226979086e-02 3.503010017538413234e-02 3.685760290146201934e-02 4.678146401338213745e-02 8.301229717854803625e-02 1.063654983113822838e-01 1.033058499942586528e-01 8.940561238960248458e-02 7.619732624435192336e-02 4.747846944878425512e-02
2.419009041513420569e-02 2.781719315283018301e-02 0.000000000000000000e+00 0.000000000000000000e+00 0.000000000000000000e+00 0.000000000000000000e+00 0.000000000000000000e+00 1.372729318065868225e-02 2.415749898433097731e-02 2.691563938623305063e-02 2.821545047750267238e-02 2.918238475633041021e-02 3.016517041677827318e-02 3.200393068471298758e-02 3.587166780002393890e-02 3.236957174587567349e-02 2.746990935515170734e-02 6.134275099847228546e-02 1.080826621259823039e-01 1.748240663638052361e-01 1.410959335107918600e-01 9.229778892453018024e-02 6.057429622165045463e-02 2.969670149920492636e-02
1.029771205334767924e-02 1.466411204252519515e-02 1.326053690194373656e-02 9.636746779524921896e-03 9.175471558442782616e-03 1.085696163969863438e-02 1.613984540704709383e-02 2.634076140716233236e-02 3.255303699229546155e-02 3.204012817094141485e-02 3.638378520085668033e-02 4.418661762531261167e-02 5.104439862466146616e-02 5.050759235961053972e-02 4.980017950578573271e-02 5.492783948354088008e-02 7.197604371189092465e-02 7.805365745306830361e-02 7.645416566615183263e-02 8.261974330683050094e-02 7.490142648882017196e-02 6.182575286892016964e-02 5.236402942883322531e-02 3.998945532278768561e-02
2.627366744668687554e-02 1.931065340684874274e-02 2.238788603279769085e-02 2.234323150620745602e-02 1.854567064592528222e-02 1.567803410636436912e-02 2.005051633822832122e-02 3.234073920526738671e-02 4.149845783214516082e-02 4.216311382256895252e-02 5.004150189415811079e-02 5.187019332876594002e-02 4.689796442546852184e-02 4.464730260810140239e-02 4.277282347544891783e-02 4.793832741568822969e-02 4.858284064583209133e-02 5.092104634055692747e-02 5.544155813034166991e-02 6.523350676807707083e-02 7.494858306096539857e-02 7.097463325701193482e-02 5.298001226476541786e-02 3.615773604177812545e-02
1.442305318733938524e-02 1.246538582078515929e-02 1.527266495139493856e-02 1.619991355836777197e-02 1.721511695104379139e-02 1.874705383870684666e-02 2.176617433496691456e-02 3.399158453797365004e-02 4.338808990855751169e-02 4.160358727355092934e-02 5.207021486245828196e-02 4.653521481507046087e-02 4.970467659910571268e-02 5.725180138161578558e-02 5.638034268754227307e-02 5.429253182517798648e-02 5.386961057456728097e-02 5.632782567434793664e-02 6.100314128915639705e-02 6.116836696219202230e-02 6.069270176448186838e-02 5.815377205649275433e-02 5.353666658452665983e-02 4.394050856057767074e-02
2.539318524591155021e-02 2.116056786932926301e-02 2.027595638630148162e-02 1.490978677339182927e-02 1.639200545333153319e-02 2.012780933778095249e-02 2.554146781078503459e-02 3.449007720322341125e-02 4.172215303637252792e-02 4.293808817159068536e-02 4.620154474795616639e-02 4.879712641449851507e-02 5.064469766917387150e-02 5.181514169925717506e-02 5.037149693361868408e-02 4.858356582034540488e-02 4.968768718087064606e-02 5.222713280261191693e-02 5.852827490321665938e-02 6.173838979474494115e-02 6.031969296691533367e-02 5.945686438753289976e-02 5.433635441833820773e-02 4.434093297290131463e-02
2.922588780864516372e-02 1.802888754634009508e-02 1.719293986163150656e-02 1.615877777745593213e-02 1.640008226376356640e-02 2.056693101756795067e-02 2.908689140930217215e-02 3.985675524939893966e-02 5.013306168998785117e-02 5.549187320128420864e-02 5.249563649563350476e-02 5.499425112041808617e-02 5.821416691772528240e-02 5.815696182853630214e-02 5.131574272496516875e-02 4.913204762369464268e-02 4.969935389882203236e-02 4.944795091787079766e-02 4.880873715535372775e-02 4.971214850173188982e-02 4.957277974656634778e-02 4.728752466673648291e-02 4.537284606678802790e-02 4.364776450978031380e-02
3.152041946048547705e-02 2.041635846083821731e-02 2.351058375703134889e-02 2.397224349941909360e-02 2.434958618650733680e-02 2.556073086489065588e-02 2.771809970721026209e-02 3.446458011261736148e-02 4.054713705323166606e-02 4.197436204366848667e-02 4.228375183520872993e-02 4.565871361847208265e-02 4.403649079563613095e-02 3.839094652464979107e-02 3.816192658496285472e-02 3.612442414734075985e-02 3.568043815039192990e-02 3.892014778979028394e-02 5.893788837685954435e-02 7.768246138386143695e-02 7.794633119205893190e-02 7.124471475015450861e-02 5.681286344842342850e-02 4.408480025628969123e-02
2.977139353356159437e-02 2.015591318429170095e-02 1.875064046828405287e-02 1.831982693490944586e-02 1.793004468650415822e-02 1.919171146673900874e-02 2.303826087186943219e-02 2.336649975444056102e-02 2.088419320499639367e-02 2.113037236692474202e-02 2.123294701772822021e-02 2.078161855419291548e-02 2.059698418274665682e-02 2.088135934352628939e-02 2.623051242772035663e-02 3.105653432803174088e-02 3.565689258560986175e-02 4.020596351778624178e-02 6.742523113016518632e-02 1.261426286973948430e-01 1.444623680281412192e-01 1.180148076847199468e-01 6.894201943364439145e-02 4.583127659607104387e-02
2.320250152571830607e-02 2.295010256271509327e-02 2.224237108009939970e-02 2.260792525537311595e-02 2.365648083233975324e-02 2.532298786001266344e-02 2.693529032550378080e-02 3.335751876905820867e-02 4.397002778604450907e-02 4.846456185360208113e-02 4.861192977538156962e-02 5.183354884249171540e-02 4.974989721369617313e-02 4.596615141525038639e-02 4.485368399697294006e-02 4.080933523728660917e-02 3.988066015750087179e-02 4.085178073077902483e-02 5.225092469321833411e-02 6.952310563823267675e-02 6.974617886954023738e-02 6.430633649239216043e-02 5.443234034138727528e-02 3.447435874540311779e-02
2.277141893828290090e-02 2.362113148493921733e-02 2.384300675957332430e-02 1.566534058375465208e-02 1.635420021971644225e-02 1.824945751459272278e-02 2.225878149218362897e-02 3.698371547495041961e-02 4.655615378390421527e-02 5.024609290660702471e-02 4.811971815812298575e-02 4.986146583869946469e-02 5.144172476410126954e-02 4.908337915255419487e-02 4.727068754761783870e-02 4.617770471409796823e-02 4.721798715541317831e-02 4.859883929726943608e-02 5.773946649620203403e-02 6.693388055184297525e-02 6.669286175525605820e-02 5.987211257144053195e-02 5.121562166578711578e-02 3.322525117309039350e-02
3.035269955931457417e-02 2.725350841898889487e-02 2.584257009953778994e-02 2.447112345772971959e-02 2.538030402109990591e-02 2.839239749464796125e-02 3.218444547396394351e-02 3.846875159472426531e-02 4.542841548979987404e-02 4.827889607532895311e-02 4.675778606427284656e-02 5.000214285812066423e-02 5.008285755949785922e-02 4.592257689371211093e-02 4.583701397347207662e-02 4.398195758797773802e-02 3.809929861440890242e-02 3.405784203696132079e-02 5.049050376673536872e-02 7.073425858261984944e-02 6.836685012723733856e-02 5.738876266773728502e-02 3.843826779485895462e-02 3.378676978725180663e-02
4.084632899496854624e-02 2.627476445453728535e-02 2.645349558628197831e-02 2.711837831422303502e-02 2.569568249409431848e-02 2.538080936743877802e-02 2.536122660397033615e-02 3.080859530635154941e-02 2.587465697628664116e-02 2.624339846859007411e-02 2.705470228554732182e-02 4.404968269753956056e-02 4.634893885540034009e-02 4.467874166934798774e-02 4.514985234771256434e-02 4.127254356005904262e-02 4.230538721731211260e-02 4.958529553489578884e-02 7.133556930938100837e-02 8.046090368008197713e-02 7.772764792686480406e-02 6.574286879460676525e-02 4.878235398176020837e-02 3.544817557274797942e-02
3.651871296960754881e-02 3.579769571100005487e-02 3.305533024883140769e-02 3.373931058673809019e-02 3.710537833672293562e-02 3.538140126251165807e-02 3.292250042039050056e-02 2.025233085656122714e-02 4.431018340694441171e-02 5.062927526335573442e-02 5.079375903062622460e-02 4.893743465206154553e-02 4.750954496008360367e-02 4.478867700749138148e-02 4.266322987520972804e-02 4.102130124291836211e-02 3.566970114006574183e-02 3.531072382029278728e-02 5.640877739422588133e-02 7.007026375066287283e-02 5.693772913980661710e-02 4.618434345653638778e-02 3.881871371067349696e-02 2.517368175668180733e-02
5.798860421607508753e-02 4.415144829071003529e-02 3.334243206121856318e-02 3.495116096630047908e-02 3.379243733006535855e-02 3.222755317019222743e-02 3.233563281715092635e-02 1.674492140240583377e-02 3.502184738828874322e-02 3.461183617879023261e-02 3.686277304819224332e-02 4.025348618197545358e-02 4.150290606598213555e-02 3.811065506312025231e-02 3.833024188505254615e-02 4.101478158934265816e-02 4.112365974022964832e-02 3.818605688481148397e-02 4.917129863299051634e-02 6.918510785909162686e-02 6.790767643054704261e-02 5.875482291274789631e-02 5.051521685792402516e-02 3.391344302679497047e-02
4.408101170936937901e-02 2.716896186981052411e-02 2.648017845911795898e-02 2.577511384181041532e-02 2.664578719865747305e-02 2.668561504560004738e-02 3.188590672601865350e-02 4.648180487086654017e-02 4.494828906281136266e-02 4.408098360441684016e-02 3.746788100957525874e-02 3.945641512658074751e-02 3.063300010670122128e-02 3.195473550786200739e-02 3.336898581137142522e-02 3.340321548661583789e-02 3.324345157921469035e-02 3.458607433660591118e-02 5.055306479064266417e-02 7.785666859694513608e-02 8.147750248790085192e-02 7.227709084365732672e-02 5.614424999990047516e-02 4.334401192794724161e-02
3.075712007892897684e-02 2.493794140465118228e-02 1.716887902724270262e-02 2.647352884858064637e-02 2.930717859114565990e-02 3.261393022136360731e-02 3.430783572786601232e-02 4.347325793807278044e-02 5.355743684550032940e-02 5.218908901019075897e-02 4.974586454748843728e-02 4.401808481589026406e-02 4.236455252249756581e-02 4.763591033321157298e-02 4.307781813680065103e-02 4.370504185717844631e-02 3.743125473099675332e-02 3.396390481457773475e-02 4.409460775748955813e-02 5.995264676635650436e-02 6.026610150006997402e-02 5.946315481795013541e-02 5.125398843351417627e-02 3.824087127243556289e-02
1.682050107463268357e-02 3.055718781338317980e-02 2.631635723812933425e-02 2.541308375608923587e-02 1.659864140025236676e-02 1.998568245213942773e-02 2.048609844469112540e-02 3.411328972430288653e-02 4.427954039600098118e-02 5.197817067554879461e-02 5.057372430481003184e-02 4.541494083585573271e-02 4.134901857885680404e-02 3.727553258001849862e-02 4.152836742275933801e-02 4.156629796292998086e-02 3.665031958225647979e-02 3.679977912752375319e-02 5.529329306743036021e-02 7.537226867867134750e-02 7.702272685076447245e-02 7.022159596244924307e-02 5.872405895833229111e-02 4.565952311217166826e-02
2.009488720621004088e-02 1.160911023526214197e-02 1.288692114269010536e-02 1.416473183668311153e-02 1.596813092234235579e-02 1.815880492361319001e-02 2.181559218778673578e-02 4.121820579398367129e-02 5.544541699379917227e-02 6.332728839867479698e-02 6.235229548513976372e-02 6.222252696246152043e-02 6.084456525774329522e-02 5.080628446446464053e-02 5.114162005092898200e-02 4.592665686363769234e-02 4.332341934396793937e-02 3.348279822176714743e-02 4.681459811721178088e-02 6.414953309661929060e-02 6.221289217160513169e-02 5.609815749691201420e-02 4.883823935455915838e-02 3.709732347193633872e-02
2.732266186133936944e-02 1.667800773452520272e-02 1.793709146268880616e-02 1.905535514428519442e-02 2.030270411112134257e-02 2.201945358598609778e-02 2.413519500091472827e-02 2.686692266022889727e-02 4.564691520260530377e-02 4.537844577434932414e-02 4.234395061379001707e-02 5.721889391709911177e-02 5.776983957561180466e-02 5.754376524200333076e-02 5.589978106472657388e-02 4.622476581956960068e-02 3.717420285281731324e-02 3.710028656554680698e-02 5.129121047855358939e-02 6.909612687740822323e-02 6.550412894759620464e-02 6.162636403399537194e-02 5.465197596396218632e-02 4.121195550927558154e-02
3.834340180242225976e-02 1.682981521776526213e-02 1.788892420041665252e-02 1.798477756255124557e-02 1.994499683479010466e-02 2.117500646218152538e-02 2.254484314980956250e-02 2.431862619526448457e-02 2.677551271694206605e-02 3.324005089479974834e-02 3.410401959151124207e-02 3.511254438626266322e-02 3.474913869003209282e-02 2.700609206837604678e-02 2.521789312828149124e-02 2.509183196906884447e-02 2.417691938933079834e-02 2.244434179498038320e-02 7.178121547579803530e-02 1.129633109700493715e-01 1.127176451342702945e-01 1.016697298142163336e-01 8.655516875277073641e-02 4.736419379810877239e-02
3.057915955229555810e-02 3.918926573856731932e-02 3.412896723880974592e-02 3.093017439875708416e-02 2.830992306317958729e-02 2.959092487546374078e-02 3.401785302386937937e-02 3.417493324661661364e-02 3.354153122364951500e-02 2.622133703229561144e-02 3.707478175023636024e-02 3.075412659772163576e-02 4.722161190007637815e-02 4.689610726153529280e-02 3.774959126899458950e-02 3.758675117939945520e-02 3.642995191992931536e-02 3.679159869506137825e-02 5.932586311548342789e-02 8.396962497483009824e-02 7.163583594666851628e-02 5.501510204343505739e-02 5.186560048292870873e-02 4.699938347019563811e-02
4.329756772335304621e-02 1.327652840929775292e-02 1.231876864900850743e-02 1.040325027517302603e-02 9.775752501190415958e-03 1.051884197038034825e-02 1.182337566954855257e-02 2.197318329111826521e-02 2.870466150794780472e-02 3.104872163556613926e-02 3.513148385595955131e-02 3.587457217840647056e-02 3.585805907909114104e-02 3.639121258108720530e-02 4.098621805878393393e-02 4.602818135789529114e-02 4.768192544475844535e-02 5.472816890012024288e-02 7.855852946862597330e-02 1.024723869712286101e-01 1.091758874693593978e-01 9.208614125915270954e-02 6.314179836752259467e-02 2.874478337542461445e-02
1.536271139696419007e-02 9.487743413837337533e-03 2.827046802643872533e-03 3.538750824342833806e-03 4.250455152048917933e-03 4.962159173747878772e-03 5.673863501453962899e-03 3.424869431887003768e-02 5.064127060807826347e-02 5.566164595160248002e-02 5.794618459529756599e-02 5.921701218910436354e-02 5.426641985947114333e-02 5.217108936306816269e-02 5.242106707069581900e-02 5.510880138865478783e-02 4.634396995577073214e-02 4.947000802282294080e-02 5.793282481111759058e-02 7.153696270959424008e-02 7.190350527724065355e-02 7.175941153259347838e-02 6.612658194124221289e-02 4.714182013973652885e-02
2.425164674347137991e-02 1.259161087177435197e-02 1.387383075491700757e-02 1.438793469990059387e-02 1.651073358603085198e-02 1.753208390393333829e-02 1.948097070576783676e-02 3.858369945775753235e-02 5.238281759134780918e-02 5.406701774190116744e-02 4.994375625431213273e-02 5.131102092126299530e-02 5.169073871846455864e-02 4.785629008208983765e-02 4.734344009726002001e-02 4.801463901652743699e-02 4.905219382797323252e-02 4.983645964960265601e-02 5.905979792564630682e-02 6.714381607448070832e-02 6.676197901103009258e-02 6.158839906295932032e-02 5.343436716474061349e-02 3.330075613684820718e-02
2.029392375495368828e-02 1.465289101617075346e-02 1.640980079520837701e-02 1.736880713637852999e-02 1.850512561035512482e-02 2.016071419825958208e-02 2.521831632673106685e-02 4.197754013922967015e-02 4.777214757837954656e-02 4.758824925925000254e-02 4.847991364563523226e-02 4.815343556409815845e-02 4.855354534764669272e-02 4.954324640780832789e-02 4.913512432598704516e-02 4.912699465284599970e-02 4.890440598127704375e-02 4.888119375223620722e-02 5.415743134689581656e-02 6.215296534853859134e-02 6.598697677292636454e-02 6.068731946816992989e-02 5.649956523032032690e-02 3.979036634069794270e-02
3.328149212669375551e-02 2.080341264493913364e-02 1.501188026813234967e-02 1.665660707906657656e-02 1.777961113042197949e-02 1.923462057423663482e-02 2.067777268260631227e-02 2.819666918965899050e-02 4.525299571458529790e-02 4.228211198656334213e-02 4.509819036518594726e-02 4.666623328048936231e-02 4.672524529080487182e-02 4.598824535681858561e-02 4.455428658614823956e-02 4.370884173909009296e-02 4.054393726029728584e-02 3.924400638263051549e-02 5.276136481694687630e-02 7.771525899621131717e-02 7.858598285507896464e-02 7.133843493499777977e-02 6.762494714322342393e-02 4.026785159517235618e-02
2.275863589347995597e-02 2.248350153283197594e-02 2.437040458821097128e-02 2.631199629622927444e-02 2.666761755409984697e-02 2.700500878469836580e-02 2.938410923743887612e-02 3.325871614612667393e-02 3.921329338594135849e-02 4.277834577044499487e-02 4.636399777389133003e-02 5.072775581845928583e-02 5.194612462563838462e-02 5.244081509911261568e-02 5.360577880388848332e-02 5.050046524755141819e-02 4.656298892604854300e-02 4.260258376768505384e-02 4.781445358109760735e-02 5.655351715263122470e-02 5.687224668536715322e-02 5.645194822125720185e-02 5.218870475801219017e-02 4.113699034985721092e-02
4.797695998928920569e-02 3.770769712162298781e-02 2.326462141560045604e-02 2.633600995665632757e-02 2.864412479570567494e-02 3.182721192729909276e-02 3.454488777783636111e-02 3.618281058651073856e-02 3.534474797160296056e-02 4.624496503298194949e-02 4.807910610584059663e-02 4.460762021522249321e-02 4.288885321252663974e-02 4.219961204576911512e-02 4.239718338075876281e-02 3.666922728659394171e-02 2.827818076997474714e-02 3.483098543776201594e-02 5.641676400621295495e-02 6.980623763566229378e-02 6.014374232990037789e-02 5.516778081458229011e-02 4.921078119291169561e-02 4.122988899117632777e-02
4.127194370102674204e-02 2.208282126884256180e-02 1.714491609249765847e-02 1.669986871220018737e-02 1.536472657130776888e-02 1.547069023328335839e-02 2.000593349412102540e-02 2.286695236746191795e-02 2.184970121249626626e-02 2.110795557866714661e-02 2.142584656459391168e-02 2.231594132518885734e-02 2.165896662094020722e-02 2.193447214207673579e-02 2.106557011387691011e-02 2.773590116378663387e-02 3.707947214624818244e-02 4.718598359082261384e-02 7.682376993651710007e-02 1.258512952970757270e-01 1.301198265860998848e-01 1.008831269317349011e-01 8.525828983253275206e-02 4.679602851660098761e-02
1.691351192615504762e-02 1.823646022956717030e-02 2.292125385009315119e-02 2.518185982584085492e-02 2.828864413360243635e-02 3.066359895734275740e-02 3.539413000503728590e-02 3.760899696544320325e-02 3.566678510343425368e-02 3.628426652195670954e-02 3.837681358977947793e-02 4.237484565773125961e-02 4.495218882157001050e-02 4.242056140185659907e-02 4.288442051070627536e-02 3.899534038955862481e-02 3.815754665133003209e-02 3.816006964124324385e-02 5.219469686835605249e-02 7.190947132642577788e-02 8.304990221446365006e-02 7.376217644015059527e-02 5.687742785714614696e-02 4.872503111120939090e-02
2.726834200074216771e-02 2.385733356320582713e-02 2.415231745569956789e-02 2.424966158362822435e-02 2.511285357720568351e-02 2.740892352705068258e-02 3.056965921934263336e-02 3.820659088539651166e-02 4.785496152896791255e-02 4.560682785362978053e-02 4.265126551528028442e-02 4.338995081139439269e-02 4.235383725136572519e-02 4.594229792249392846e-02 4.827717285206573755e-02 4.428438915191830472e-02 3.898638187046540859e-02 4.091579137265043131e-02 5.400614601174475587e-02 6.561624844914408505e-02 6.782903024315203866e-02 6.385889642282535639e-02 5.557915292353068915e-02 3.202196800709986024e-02
2.320614857707927262e-02 2.370682127910278547e-02 2.323126295348039438e-02 2.441529407430906295e-02 2.633149725640454575e-02 2.761315103919192299e-02 3.131097011535265151e-02 3.348677832742148752e-02 3.764279777206303718e-02 4.011734495494639896e-02 4.030333173948733722e-02 4.306478448890828370e-02 4.820605237281504196e-02 4.757867532977443775e-02 4.570941956391057215e-02 4.539974009298324703e-02 4.562324577941723192e-02 4.520839002431584208e-02 5.398845089541878112e-02 7.203267000228655292e-02 7.223811415779643474e-02 5.910507956735618074e-02 5.027136952003732895e-02 4.020861011614115799e-02
2.623922307680329191e-02 2.043207002655532400e-02 1.872952283598588313e-02 1.989975511945461101e-02 2.109278564297964106e-02 2.274181263405203324e-02 2.917880037037586666e-02 3.784642094719357919e-02 4.498876101737328548e-02 4.211031843211233971e-02 4.202648739261562877e-02 4.807199036434769979e-02 4.751458040750355938e-02 4.646966881614261052e-02 4.529091016944669645e-02 4.121451659204224127e-02 4.623435174832995348e-02 4.537538018025957798e-02 5.269120795773105104e-02 7.166916048666356620e-02 7.934508945655778522e-02 6.437717142802282244e-02 4.942782175365406649e-02 3.703219314379688210e-02
1.800878566505203018e-02 1.657912297495536466e-02 1.572821767244291999e-02 1.704745105832017674e-02 1.801946213092480223e-02 1.923742234209753835e-02 1.944265080622509939e-02 2.390459407682272649e-02 4.243874694715706747e-02 3.968357821379355638e-02 4.274250958824817731e-02 4.479315086396668671e-02 4.629946208389057460e-02 3.243070521467191630e-02 4.559760056384264820e-02 4.620581034087984512e-02 4.483944367571655182e-02 4.507567502353360817e-02 8.148613657148662259e-02 8.943591063084654902e-02 8.664456399185649360e-02 7.120132999972599019e-02 5.231459825043375395e-02 4.084307131310930400e-02
4.181752708377442507e-02 2.387933218371708979e-02 1.896012546299532045e-02 1.798279917497191613e-02 1.778733391736723318e-02 1.384545235350418541e-02 1.169533451985269382e-02 1.293328115134900758e-02 3.480834471906062849e-02 3.752167307535768381e-02 3.834550507264083974e-02 4.078882079269935401e-02 4.145416234645510345e-02 1.942560447661787620e-02 4.433316885717248496e-02 4.798744643789501496e-02 5.214277434245855741e-02 7.496618285977406371e-02 9.659561454237428069e-02 7.682250392537451344e-02 4.234196727857535147e-02 6.158345257837120890e-02 7.637581174822724583e-02 5.560578109941391456e-02
3.428320880249217939e-02 1.055506363378741659e-02 1.009374081050542354e-02 1.099793354413813005e-02 1.057351654671869617e-02 1.177295588725187775e-02 1.513138475929249466e-02 2.753943984995044225e-02 3.463283022813323092e-02 3.444989165338171316e-02 3.305285194241588259e-02 3.492562583851933217e-02 3.329153256393973387e-02 3.273725156674197473e-02 3.218297056954421559e-02 3.217232696083214410e-02 3.248478273073231865e-02 3.270960213107275416e-02 6.560903029051824709e-02 1.065452216640984245e-01 1.213415576183691780e-01 1.026234965518202785e-01 8.454917572714971963e-02 5.574460812859419190e-02
2.751306018994312957e-02 2.198734161848342819e-02 2.417315835736000632e-02 2.384851580151864381e-02 2.665093533493244696e-02 2.989378814185121580e-02 3.265216603011910496e-02 3.716866488890726433e-02 3.724279653072685992e-02 4.324509854384309127e-02 4.764787904754194670e-02 4.229558841132693980e-02 4.479067836542468400e-02 4.819524686395118551e-02 4.834771258450659692e-02 4.254133377164383278e-02 3.564013025040738136e-02 3.481268420828369931e-02 5.582112347546148989e-02 6.716524649050902018e-02 6.737003388376675006e-02 6.057274113724484682e-02 5.399220691252709647e-02 4.643186915971936335e-02
2.791579205071938533e-02 1.767508599173634593e-02 1.835511583823591295e-02 1.905348919293296459e-02 1.993528348200579794e-02 2.092713117766585584e-02 2.294614327238697626e-02 3.365169710021995858e-02 4.404360516616865479e-02 4.311099264461127484e-02 4.291795866031525991e-02 4.813680311285703506e-02 5.280413865157176229e-02 4.947088276636679022e-02 4.691910046113709903e-02 4.882552024763473636e-02 4.717940839294389871e-02 4.235887991254810858e-02 5.527223652227451073e-02 7.397997869707662044e-02 7.760649792085717869e-02 6.843313181649561538e-02 4.764499968965332094e-02 3.083612723158492622e-02
3.786623013796670129e-02 1.940513171110399768e-02 1.550589508624473922e-02 1.663193382995066180e-02 2.082071378917953533e-02 2.301722543846094343e-02 2.952536270415487968e-02 4.199645019724859013e-02 5.056011438352534665e-02 4.875712237210991229e-02 4.343401612313720073e-02 3.863233287205262989e-02 4.382820605635873168e-02 4.843984750725918720e-02 4.505819506457760248e-02 4.290455560705937893e-02 3.899463818900120171e-02 3.579160289051354360e-02 5.437722369709420411e-02 8.207672031709008220e-02 8.084057486814714977e-02 6.022339591405476145e-02 4.389231155553906250e-02 3.742019968816998055e-02
9.428576366084683025e-02 5.609808867154339462e-02 2.219203882495609029e-02 2.334639548688911825e-02 2.450075268194759973e-02 2.565510987700608467e-02 2.680946653893910916e-02 2.790959619105266507e-02 1.182258683290335170e-02 1.267217555379292031e-02 1.181820027668128818e-02 1.158850104302782714e-02 1.133365108303357321e-02 3.211933607394679840e-02 3.750846608691438960e-02 3.809836224506467361e-02 3.761661196004188051e-02 3.768582725882915763e-02 4.998901853572604304e-02 6.598808101270266235e-02 1.019659449989894079e-01 1.044750379172086352e-01 9.263195341176183595e-02 4.188903377619468404e-02
1.948199434378135655e-02 3.772648523908854207e-03 7.653087095224378120e-03 1.153352590771871550e-02 1.541396375549779728e-02 1.929440353270739025e-02 2.189362813080920553e-02 3.384065993895904456e-02 4.993673333434912875e-02 5.785511616041982830e-02 6.114903993251239595e-02 5.019604879531986558e-02 5.605657821325851081e-02 6.466214315204063534e-02 5.473406936230775649e-02 4.927733502102742830e-02 4.099035378971974813e-02 2.962678369818457988e-02 6.290250638288595597e-02 8.683361120617756612e-02 8.099901333433599804e-02 6.234683039509151398e-02 3.982343421535143591e-02 1.972649177841090742e-02
0.000000000000000000e+00 0.000000000000000000e+00 0.000000000000000000e+00 0.000000000000000000e+00 0.000000000000000000e+00 0.000000000000000000e+00 0.000000000000000000e+00 0.000000000000000000e+00 0.000000000000000000e+00 0.000000000000000000e+00 0.000000000000000000e+00 0.000000000000000000e+00 0.000000000000000000e+00 0.000000000000000000e+00 0.000000000000000000e+00 0.000000000000000000e+00 0.000000000000000000e+00 0.000000000000000000e+00 0.000000000000000000e+00 0.000000000000000000e+00 0.000000000000000000e+00 0.000000000000000000e+00 0.000000000000000000e+00 0.000000000000000000e+00
3.013788887728108615e-02 2.699242880598211325e-02 2.520024806768386000e-02 2.563914947298139013e-02 2.999158840884857610e-02 3.225924566955248873e-02 3.778208581294106860e-02 4.944954309055640124e-02 5.541128717918120117e-02 5.409458296328861077e-02 5.237555245920660907e-02 5.288760409872039769e-02 5.292417921582852347e-02 4.663326415310795059e-02 3.913536514594179172e-02 3.880618909196864585e-02 3.511210226404775508e-02 3.101569168787614988e-02 4.107384635267255502e-02 4.996159473007018986e-02 5.350938108955856365e-02 5.263157827896350338e-02 4.754763700093376372e-02 3.942796608280681181e-02
1.764792246497242159e-02 9.870540843418070323e-03 8.953852292888685518e-03 9.142591554861084421e-03 1.058963622205247833e-02 1.341258482044931956e-02 2.439864397262070730e-02 3.587940512594309933e-02 4.338460046500088735e-02 4.490802543472388608e-02 4.782557684590697106e-02 5.042065371335555102e-02 5.522925983570609043e-02 5.653566990650071844e-02 5.302590635799183522e-02 4.217140497098409435e-02 4.161226803869502028e-02 4.224411871031560212e-02 5.526522579173573368e-02 7.896375033972068136e-02 8.614419368023136514e-02 7.405523975381260449e-02 5.981732525434609732e-02 3.850160360376701091e-02
1.196102586537856061e-02 9.235014019427403853e-03 1.122365933793010445e-02 1.155838983563311530e-02 1.251140616129254625e-02 1.362672255299458152e-02 1.664326721635395884e-02 3.350929235596832728e-02 4.184857890750528359e-02 4.285604788904417289e-02 4.687017533143549713e-02 5.179739652382028131e-02 5.430121803709878070e-02 5.287542484823445910e-02 5.283655486095853449e-02 5.169467747053028278e-02 5.007317740478752638e-02 4.880845050307492522e-02 5.682194875396417988e-02 7.336371628893105512e-02 8.094366131328478708e-02 7.268939966434961875e-02 5.921200580061656421e-02 4.273878905738549144e-02
2.555733783248108001e-02 2.047381744237555465e-02 1.472844931915830331e-02 1.531725454568314861e-02 1.496678766814809637e-02 1.658126355790263615e-02 1.893456206064323896e-02 3.216991096800654593e-02 4.474647935083955752e-02 4.835364345355175342e-02 4.817818940219795176e-02 4.881433896991650007e-02 5.238389171430862107e-02 5.094519487128007507e-02 4.993941339195533818e-02 4.917022070038037929e-02 4.781461789766964371e-02 4.750513547271909692e-02 5.040296402834965050e-02 6.126455188614735731e-02 7.121606238739701389e-02 7.066664648033374463e-02 6.056071156544615836e-02 3.930855503310855953e-02
2.125160360687798622e-02 1.716576071726008679e-02 1.754181746043369586e-02 1.669658276097382016e-02 1.657839500657530551e-02 1.987639996008828611e-02 2.449904296259533543e-02 3.531635050374565959e-02 4.130868810566359906e-02 4.616049016825245904e-02 4.908332643217159369e-02 4.833069748467955923e-02 4.697008485918707787e-02 4.551677915424776760e-02 4.852734819936167093e-02 5.050242955322076233e-02 4.974941300851230125e-02 4.882749135388701062e-02 4.764960204443999953e-02 6.685376089673412958e-02 8.076924804501280086e-02 6.952547301625773557e-02 5.204909784754691016e-02 3.925011685227441927e-02
1.765608541880185969e-02 1.664922438722745909e-02 1.780548631597102249e-02 1.885036385406232626e-02 2.040885112130616172e-02 2.202119188625142887e-02 2.542003185993499045e-02 3.696113289596003604e-02 4.940021652170523830e-02 5.356126872128157829e-02 5.386564457968071734e-02 5.400628807930064196e-02 5.229256040798260091e-02 5.017855560949879834e-02 4.980395058518788387e-02 4.510977127412361259e-02 4.228778113106208131e-02 3.673559947145253052e-02 4.340908702509752720e-02 6.163422967905941158e-02 7.344777442847662263e-02 6.584319734706685356e-02 5.497405892405506783e-02 3.767764847545354567e-02
2.860487793642646145e-02 2.273231537902472080e-02 2.120104107871660995e-02 2.212698151061109897e-02 2.254402112597752098e-02 2.304584410926919721e-02 2.583116147394293530e-02 3.168275389577778628e-02 3.824324919107362220e-02 4.166057512007476787e-02 4.373494339008410225e-02 4.345352837314861438e-02 4.475360504952888979e-02 4.369468399442266726e-02 4.232146142338399919e-02 4.249432586630394471e-02 4.169579330262962458e-02 4.270253090921705130e-02 5.114963844718398850e-02 7.021183260666420678e-02 8.307523730386943972e-02 7.742095902905206384e-02 6.006994584355579425e-02 3.554869364006087856e-02
2.405054333211943327e-02 2.064046705059401077e-02 2.179010951406826560e-02 2.215154618817921639e-02 2.375366915620164346e-02 2.668253543245026338e-02 3.000959353218031825e-02 4.046459024810897948e-02 3.739929217401323502e-02 3.208439248840518759e-02 3.617055601380673308e-02 3.937796488245510346e-02 3.985151886822998341e-02 3.242471932400283613e-02 3.363940916020998623e-02 3.662368675531235684e-02 3.985516415601244450e-02 4.549032325686961503e-02 5.601857086910417421e-02 7.877583112049456326e-02 9.079652390857345656e-02 7.976138789962139430e-02 6.402570626415902966e-02 4.816189840482775625e-02
